"species" "temp" "yield"
"1" 83 -0.697139205845982 15.3406562328934
"2" 162 -1.38235040714605 12.7838974581456
"3" 168 -2.87122377218542 11.8954372364343
"4" 99 -3.66573715856171 15.9426229207899
"5" 25 -3.35231477427338 9.36741578077731
"6" 155 -1.57124659014901 16.7040342063878
"7" 37 0.131149341109749 15.3200310820691
"8" 16 1.91920164237805 14.5682681819275
"9" 170 -0.952796373578778 13.4167570128362
"10" 118 -1.10485639960542 11.8422533647466
"11" 137 -3.27111318908801 9.73062339922427
"12" 12 -1.51167763877831 13.1939895221518
"13" 82 -1.25047751544822 13.9045184237568
"14" 88 -0.0876277694395241 17.4645832126852
"15" 197 2.83850542485598 15.3648789775698
"16" 67 -2.37458915025501 12.0455586756592
"17" 172 1.47924195572489 14.1553066306617
"18" 168 -0.508063949719458 13.1147411880568
"19" 185 -1.72609776704411 14.5191474320021
"20" 117 -2.30520338778294 14.5486414316875
"21" 5 -1.48086123932305 13.6921012638114
"22" 155 3.04185689128859 16.9894694003489
"23" 91 0.93245049079974 18.1130659407691
"24" 156 0.594707934126662 16.561821691673
"25" 197 3.77758532338388 19.5171229310464
"26" 35 0.63279054071273 17.0638012298225
"27" 64 1.62272499541701 15.8516442409604
"28" 102 3.87739005474848 20.460554392285
"29" 113 -2.51903305535955 16.6041616200375
"30" 54 -0.209941626651322 13.4134508694623
"31" 181 0.0858784043095643 15.7404694746989
"32" 141 -1.8125212780246 17.7640857093194
"33" 5 -1.25621579412086 9.39506993963738
"34" 16 1.13393541827833 13.3423378439962
"35" 126 -2.78624606624593 13.7781190560319
"36" 109 -3.55881616152139 16.5341768562432
"37" 67 1.32260217609749 11.7244474379581
"38" 193 2.47107600985408 13.1368563567046
"39" 142 2.21102451721753 15.9627851952123
"40" 162 -0.0258750633285369 16.6212355638136
"41" 169 0.459597626339614 18.9778215885925
"42" 191 1.40951009769911 14.4126365172622
"43" 193 -2.57134587910416 13.8503395552942
"44" 169 0.886604665219221 13.9694305603039
"45" 6 -3.10873592803476 13.6677609653487
"46" 63 -0.570530182376183 14.2951742153687
"47" 187 1.01105314583529 11.5694618838075
"48" 136 -1.30469494293555 15.729038426308
"49" 96 -1.49360546993774 13.8942070833355
"50" 33 0.197644484801811 16.1864163456377
"51" 70 0.0950104244533802 17.9626850557024
"52" 116 3.52758180532471 17.75545811673
"53" 182 0.942272602958776 16.2479695749372
"54" 195 -1.29282787460941 15.4643241144763
"55" 188 -1.37820815054647 16.6794956514192
"56" 68 -2.80153761061744 12.880835981208
"57" 71 -0.238564540644732 17.1303705833032
"58" 93 2.70445349589932 14.1865760982871
"59" 87 -0.338605874020811 10.6099449487678
"60" 162 0.184619773934443 14.2544017754434
"61" 171 2.31858326407096 16.7598540706037
"62" 150 2.98559906612576 16.1428333560908
"63" 146 0.628587805961608 14.1363297099643
"64" 165 -0.502919976260375 11.9112772438879
"65" 74 4.23827048551525 18.6483617365077
"66" 6 1.17691806318075 18.1754136420447
"67" 72 -3.03416615054343 19.0856534402787
"68" 184 -1.09382989364474 13.3510317005708
"69" 34 -0.788415841180313 11.4199935304534
"70" 114 2.18532769655109 17.214820822736
"71" 103 1.52880582084744 18.4983096871466
"72" 54 -0.772804781438953 17.6200607248597
"73" 26 -3.17964220986445 13.5912563946873
"74" 160 -1.18152769951701 10.8087193047024
"75" 17 -0.97936296783244 13.0064791429466
"76" 104 3.36826989796821 21.8447878656166
"77" 91 -0.0032640423801399 19.3904279553059
"78" 200 1.14956184584195 15.6354694746939
"79" 51 -0.415930708547147 16.7110153535559
"80" 189 -3.60444376253899 11.0564539841704
"81" 30 4.18961024459508 14.2980876223942
"82" 140 0.984438471676075 13.553757997178
"83" 13 -1.64305038159789 10.7458640371946
"84" 62 -1.84631970418578 18.9678378395523
"85" 199 6.18129581315159 17.9780359073081
"86" 5 0.0663853483054834 20.7308397882355
"87" 80 1.39751850402199 18.3500671164978
"88" 100 -0.0466413748271671 17.235070559043
"89" 134 -1.19515307106423 13.8078737179557
"90" 82 -1.4847785878144 14.8174364628093
"91" 195 3.31737149669199 12.9529698699797
"92" 105 2.53451817202412 16.360516685444
"93" 176 -1.16043748482469 15.864310627044
"94" 100 -0.400772378175016 14.2724319514994
"95" 109 -4.79698310884541 10.2261023597019
"96" 86 -1.1642038928958 16.4739995079696
"97" 173 0.318400285481728 17.1758022345311
"98" 155 0.901197243688581 17.9054368734493
"99" 65 -4.37699648514969 15.9230661702792
"100" 140 -0.899596100764247 12.5655108678595
"101" 22 1.08469580803501 13.2221596534535
"102" 107 1.44251805608193 14.9989953818451
"103" 55 -0.918793992595327 13.7538484619683
"104" 42 0.975526309500131 14.2247266099585
"105" 62 1.36970040510204 13.2742311978546
"106" 77 3.02975702964933 18.1823353951932
"107" 21 -0.453514082347064 20.4059088416844
"108" 5 -2.73054879794382 11.2331812829676
"109" 8 -1.00919822085331 12.280837877421
"110" 192 -0.0255551358678443 12.4811577559382
"111" 16 1.03475328031997 17.2074209637464
"112" 198 -0.157007011361294 14.6691905180514
"113" 146 -0.870972638626348 16.5580933706106
"114" 150 3.77364589389049 21.050329544426
"115" 67 -0.665812778136058 11.4513566913844
"116" 155 -2.45578339148132 15.9815065979075
"117" 109 2.67355096070288 15.2783408548893
"118" 92 -2.41950546059256 17.4185196567896
"119" 133 -1.59111595452446 16.8570029272955
"120" 62 -1.72018989728176 15.6539844001803
"121" 160 -2.58694918977048 12.4956012940298
"122" 31 0.842715878935458 18.2683295390027
"123" 39 -2.47227739240637 15.1568462272476
"124" 103 0.27472357420779 14.9018478185393
"125" 35 1.85502599697559 14.4444868802526
"126" 102 -1.15452964460819 11.7447956564187
"127" 97 1.71428337832606 16.1358313714742
"128" 103 2.12583382893049 18.0144151482794
"129" 189 1.18660992080493 17.0350187350356
"130" 141 -0.0893545696796427 14.8120596158423
"131" 189 -0.760859589713235 13.0128634512345
"132" 198 -2.72437981654802 15.0115447950073
"133" 134 -1.13822070632323 11.7873173869754
"134" 198 2.26527176809154 15.3999304538427
"135" 5 3.59041111224687 17.4528275920075
"136" 59 2.82044682566771 16.5357990267697
"137" 68 1.67530573747862 14.6863887406292
"138" 191 1.91707921730842 14.2943238057615
"139" 27 2.98755694599738 16.5965868680434
"140" 115 1.63593750925956 13.6730965440584
"141" 87 1.42229882982136 16.7044380669454
"142" 166 -0.39299530239252 13.1463859005721
"143" 40 -4.72631830868359 15.0787971203695
"144" 63 3.30074495862268 14.0371707011138
"145" 131 -0.723855646653221 17.0252834930995
"146" 53 -5.921743687311 12.7741915826298
"147" 23 -2.94525628771727 8.74241443157217
"148" 159 3.07620810054107 15.5028419738402
"149" 57 -2.39482089549267 14.971223652883
"150" 136 1.28961161746801 17.9471938440115
"151" 190 0.0512771996249342 16.6337357384546
"152" 176 -3.14798000691406 9.7144271442956
"153" 184 0.658958035517571 14.4354829227105
"154" 182 1.11065235803065 11.9514194871792
"155" 122 -0.0664838286373067 13.8771591656388
"156" 93 -3.53606886760121 13.5390285050494
"157" 158 -2.31071109013253 13.3374346712104
"158" 74 1.4953049893828 16.6910130816413
"159" 109 -1.3706804878743 9.83398501029156
"160" 184 0.186415762743171 18.5002723683113
"161" 85 0.821374222062956 17.4707288520647
"162" 77 -0.64100065572462 14.8619039366131
"163" 193 -1.16214357215057 14.4211600492331
"164" 112 4.23402697578386 13.1288873049444
"165" 82 4.25637712590224 18.3058516629812
"166" 194 -2.0638890520578 16.1409525714184
"167" 181 -3.09788346022995 15.1830722947154
"168" 45 -0.493794473204102 14.4624143658876
"169" 30 1.40024704751168 14.132600880637
"170" 57 -0.87833664871046 12.0365745901067
"171" 192 -2.89278274292242 16.0547001063184
"172" 4 -0.121842235853045 16.6672579394719
"173" 92 0.844186866647176 17.3825538699515
"174" 48 -0.685304357067461 14.2651382306443
"175" 68 2.20259407861794 14.3825574069783
"176" 108 1.17408182649376 15.8661531344576
"177" 116 -2.2429691927464 12.7633828123876
"178" 146 -0.144233768513541 14.1575572163937
"179" 4 3.31944671124543 17.4267484598465
"180" 92 -0.072746573577868 18.1152454719953
"181" 110 -3.56822976997889 10.2617671047167
"182" 47 0.899219866809673 15.2778205338278
"183" 121 1.19297906545494 14.9178677949221
"184" 76 -0.870968821966545 11.9377759497833
"185" 147 0.994320525799389 15.6409603277907
"186" 120 2.87702500213422 15.5623846282898
"187" 188 -2.79134117921663 14.418634782398
"188" 190 1.94402227125904 15.3314890690504
"189" 105 0.155934308216184 14.6932757333289
"190" 177 1.96175072972367 15.0363669442404
"191" 86 -1.50776700580125 17.454791716838
"192" 67 1.98070923699849 13.9427408618662
"193" 78 -1.992763278626 15.8158369814866
"194" 120 1.8898939365491 16.3996084338168
"195" 69 -2.61087232988275 10.3612645550816
"196" 181 2.7614063422593 14.7851608499492
"197" 56 0.346531846601036 18.2504605368271
"198" 189 -1.22458052298633 14.947903814581
"199" 42 1.58542548394149 13.7778874143358
"200" 30 3.29365109121848 16.0507792701109
"201" 61 5.79510082562774 24.4662295612939
"202" 70 2.22750738577628 15.905297834968
"203" 53 -0.262312153518068 14.2936511480992
"204" 13 -1.33852774327632 12.0131132512068
"205" 147 -1.76862375343339 13.394779357517
"206" 61 -1.16392986039145 10.9169445111926
"207" 66 -1.83188738935012 13.340137315154
"208" 12 1.40783658761986 17.7591455236111
"209" 84 1.52734841181455 15.793157586289
"210" 149 2.08104980436713 18.5952872786041
"211" 22 -0.463216167798476 15.8229476262273
"212" 67 -1.91837329677191 13.2312884766469
"213" 73 -2.96878483807178 16.6115655473497
"214" 59 1.21842209044256 15.5831636428915
"215" 100 1.48538795560388 16.486134188003
"216" 124 -0.143477254119122 12.2491146069382
"217" 6 1.76699910707582 18.7339827281586
"218" 59 -2.394001469788 12.476955645649
"219" 157 0.415106099989515 16.688032057635
"220" 98 -0.968247579840015 11.7438548412917
"221" 10 -3.3163499327414 9.67156449019569
"222" 134 0.113387991149174 13.349471709931
"223" 166 -2.74663161807926 15.2857193921748
"224" 163 1.7631143233944 18.36660561274
"225" 155 -1.23492691881796 12.7874263679584
"226" 162 -2.33548748761014 15.4491138800808
"227" 56 2.21418099849172 19.5434330510727
"228" 142 -0.250536442519158 11.0329680822806
"229" 113 -0.314525271500954 14.2479834630082
"230" 134 -0.955926770515805 15.2500252373207
"231" 11 0.993694749445404 14.0591448313142
"232" 136 -2.26170555875854 13.5591028151066
"233" 75 -2.40418644779369 12.3469839286338
"234" 122 -1.36819327345486 15.3101752520113
"235" 104 -2.46358427834392 12.7502859232938
"236" 34 -0.643429048580849 10.0931294491277
"237" 32 1.6429219610047 20.7855898622828
"238" 56 2.36003339628147 15.4401643654854
"239" 174 1.25910399712269 16.0929039256687
"240" 105 -3.83579720295734 16.2767963588549
"241" 128 1.45253095230371 14.0471307477099
"242" 159 -1.50134464989415 15.3996124153392
"243" 46 2.85808875791631 17.9147256393949
"244" 116 0.641286657957994 13.9256144898928
"245" 71 0.466378751623318 16.6548270273429
"246" 51 -3.38257070537892 14.5204336047936
"247" 114 0.327815829120901 13.231500116862
"248" 158 0.298108123838853 11.7220142913198
"249" 141 0.46079449753498 17.9666478001838
"250" 117 0.204801027843164 16.1077878934875
"251" 2 -1.16683167093488 14.0467548794401
"252" 26 -0.492748509706546 14.7851292783631
"253" 79 0.387522126777165 19.2135955202031
"254" 102 0.213138061841816 13.3917505989294
"255" 155 0.450787191951903 15.8067306197422
"256" 65 -1.05015219624558 13.3456079734581
"257" 144 1.07399156649187 15.7607003433873
"258" 192 2.14220943007214 15.594408341333
"259" 89 -1.67792678986814 8.87908213788276
"260" 72 -0.685532684516883 16.3599486758554
"261" 171 3.50019783581666 15.3004311217921
"262" 114 3.25039958585696 19.3190811527555
"263" 108 -0.991886700936448 15.5488069281405
"264" 19 1.08566275103188 16.4715471239874
"265" 151 -1.13164623920317 16.8568041839981
"266" 99 3.66893525044504 14.0332834273452
"267" 72 0.278242189080029 16.3341005656201
"268" 186 -0.327069606509602 16.6843862738925
"269" 35 2.0128729239797 17.733409566942
"270" 118 -0.366903051179558 9.82438802439534
"271" 174 0.531032959380617 18.1083367590061
"272" 29 -4.54439922849452 7.98118346162306
"273" 43 -2.42026763042268 9.52598371685522
"274" 61 1.31030278367322 16.2148683646314
"275" 81 0.701427022771838 14.4292629256526
"276" 24 0.0184870310204776 14.0819933263766
"277" 105 -1.63415998063878 13.5972696593622
"278" 132 1.0447292480263 13.5216219363218
"279" 146 1.43940855266187 19.5304856500621
"280" 195 2.27963575215148 16.4601144702669
"281" 129 1.41909763244139 13.6939330879147
"282" 172 1.78396358748573 19.4352526901112
"283" 171 0.87644161270499 12.505421467299
"284" 62 0.832256734985581 12.5214710184447
"285" 33 -3.06424122251486 13.210776978981
"286" 13 -2.18307919951317 11.6978174659664
"287" 135 1.10613935733234 13.5912094038352
"288" 92 -2.35730431887752 11.9500928891996
"289" 28 -0.65882789510836 14.2260035077876
"290" 4 -1.11894481590467 16.4696441609812
"291" 141 -2.04294754263928 16.8246773889155
"292" 80 -2.96543574094946 13.4318928041389
"293" 189 -2.1701656652055 12.7556720901951
"294" 94 -3.98975549184687 14.4935827444204
"295" 109 2.29305282324079 17.2832256560848
"296" 150 0.719017663909798 16.1874559064061
"297" 91 -0.708366374495809 12.9587747891494
"298" 94 0.88879356546666 16.2567354935668
"299" 80 2.34425456518043 16.0806504337679
"300" 168 2.19944629552455 14.9439799788467
"301" 31 1.27173105885991 21.1544535929674
"302" 44 0.78303072005539 18.5868953105587
"303" 89 1.78496322018206 16.6082294263547
"304" 195 0.316798420445368 16.2112754775403
"305" 150 0.0121032994708773 13.7591164859104
"306" 71 -0.97422364036779 17.3509074525942
"307" 127 4.33044719693059 17.6973351369905
"308" 73 2.53322230941138 18.9632070378233
"309" 74 2.00216034425314 12.5234932594966
"310" 92 0.373238652044287 16.5297319095102
"311" 160 -0.200558787200319 14.2398469931294
"312" 32 -1.74752805579117 12.7284067952657
"313" 39 -0.778533925907102 16.0188019717956
"314" 66 0.625551829162681 12.710334733871
"315" 38 0.894904365194117 13.9749817418456
"316" 168 2.85723465822625 15.1347598910536
"317" 90 -1.57269509587988 12.3286962665464
"318" 4 -0.924037692829332 13.609170401379
"319" 43 -2.62276709540975 11.0767021830842
"320" 100 1.66686317420748 17.3231778358086
"321" 168 1.32592651213165 17.8692390373271
"322" 89 1.82856856674244 14.2825332530476
"323" 187 1.39166243924854 20.1071353944675
"324" 25 -2.80506071940586 7.39037627291973
"325" 184 -1.95339035987424 18.3419532478221
"326" 22 -1.30237384587977 16.3343233205411
"327" 26 -2.18164812370377 16.5148040463868
"328" 120 1.38436762802773 11.2619100286353
"329" 60 1.78840501687872 16.0072247732153
"330" 131 -2.10849247720791 15.5915358396578
"331" 127 -1.53703249221041 11.374712570701
"332" 171 -2.65779562079148 13.8553833672102
"333" 175 -1.44301191751003 14.8720057571496
"334" 83 3.33276692575167 14.8869634415396
"335" 200 0.907676334836378 14.4476729330007
"336" 60 2.46634788768134 14.7776322222755
"337" 162 -0.604778821641987 12.0973933280609
"338" 28 -0.118259691744763 14.6911595972005
"339" 140 -4.84583080694441 6.4826938407153
"340" 134 -1.41130595655854 12.5985041811555
"341" 11 0.395902423981397 12.1715877904263
"342" 11 -1.48332132913793 14.40106247548
"343" 166 0.931734628335101 14.2984820368247
"344" 86 0.827966110822053 18.0562503113176
"345" 33 1.94911074329519 14.8912149672837
"346" 20 0.516164513613001 16.2110372625786
"347" 113 -0.233730138248991 16.203431181696
"348" 150 2.46085077592566 18.602532159991
"349" 165 0.733141924876226 16.8427106918556
"350" 199 -0.186842713699775 15.1514088259965
"351" 140 1.41256948129742 12.2952539121074
"352" 144 -1.68502625783627 15.0696563058087
"353" 62 0.89935463560642 12.7092088054756
"354" 161 0.934041092979052 14.7489544833964
"355" 172 1.83336247083452 19.8042005781238
"356" 174 -0.414958502612219 13.4377491103625
"357" 91 1.53210927987919 16.9237432422828
"358" 189 -3.14255351846186 10.9551455643911
"359" 190 -0.278432757183983 17.5380853442903
"360" 23 0.802872509735974 13.8687297153846
"361" 35 -4.55098178458839 9.86780406926554
"362" 68 1.6375380572931 18.3049656208285
"363" 149 3.91772587264142 17.0163834576287
"364" 5 -1.16494261384581 17.3102230737196
"365" 121 -0.0675401388056145 15.3534447906085
"366" 61 2.39388972348266 18.4099563341064
"367" 31 0.607938184192902 15.3866906885581
"368" 97 2.75732471528702 17.2510511662056
"369" 12 0.156239847113 14.8599009665798
"370" 123 0.478516701752383 18.1435426429991
"371" 108 -2.78182388345667 14.7191185222995
"372" 33 -4.87276162918723 11.9494185429475
"373" 103 -1.46764616327788 14.0074821310964
"374" 25 0.208570281244963 16.7371115562717
"375" 147 -3.99571042597185 14.8035584392908
"376" 108 -0.290287251618501 14.9310882997011
"377" 118 2.16726304217838 12.8800183118641
"378" 120 1.63738487269077 14.0552991712055
"379" 194 -2.80224173496339 14.3579054974232
"380" 144 2.23829455882807 19.5450462659073
"381" 167 0.413178695349769 17.6530179599801
"382" 10 -1.80581255066988 12.1942444144285
"383" 30 0.405840924743579 14.026459905944
"384" 34 -1.2373204579872 14.4336817497727
"385" 76 -3.82855236081888 14.1878599705995
"386" 179 -0.379653987296433 14.471421957917
"387" 4 0.416988377263664 16.023499739934
"388" 7 2.82814615733737 18.1276542751799
"389" 95 3.97183381207238 19.1890215901962
"390" 10 -0.0793919965067365 11.1425492503613
"391" 130 2.22815615155016 17.3262603470111
"392" 183 0.192661068266857 15.1054048571712
"393" 49 -0.389545384922174 14.160022604484
"394" 136 -2.90726462999578 9.26221255831653
"395" 6 -2.04866802949786 17.5230828796993
"396" 27 -1.6249930249652 14.9705562131911
"397" 62 -2.96299842789767 15.1524652406751
"398" 175 4.25457359840326 14.0811614227106
"399" 131 3.25794349521574 16.7749355519859
"400" 196 -0.36374483668615 15.7163818411625
"401" 85 0.995097139051232 16.7430440538386
"402" 111 0.227541128936965 13.7461652527421
"403" 164 -4.31328249672795 11.6808274212483
"404" 82 -0.309579101319191 15.5654181105717
"405" 131 -3.33092505814216 14.6678051375614
"406" 164 0.207912893513068 13.7598447086445
"407" 152 3.76074748639542 15.0462751125442
"408" 123 -1.18581887886038 15.2045970088926
"409" 151 0.3349172376538 18.5447668126765
"410" 22 -2.08949989189134 15.3938715717784
"411" 168 2.03304041357612 15.6500393471545
"412" 62 -2.0977666042182 16.7380846649323
"413" 91 1.19216093834118 16.6478843713115
"414" 144 2.03440310510531 15.6706069429422
"415" 177 -0.270186205940356 17.516163605251
"416" 10 -2.10249561663943 13.4414130924133
"417" 186 1.2024830091583 19.4926485400849
"418" 74 0.895126010737387 15.5867058096143
"419" 52 -1.40351231373521 12.1486791932457
"420" 194 1.16356113564201 13.8231589191321
"421" 84 1.39480479698219 15.3793087558289
"422" 74 3.34778401009521 15.4667327680994
"423" 74 1.04627194100479 16.008960610725
"424" 30 -2.21951376907372 12.334747402364
"425" 53 -3.28557917790243 12.663638528766
"426" 103 -0.226386553990186 17.8905454863314
"427" 155 -4.32379225147628 11.9124421516749
"428" 18 1.55009722502682 15.3509954274073
"429" 113 2.9579955127837 17.3665865360087
"430" 14 1.1352122800747 17.0484571189542
"431" 89 -2.75468545697549 12.4814772880368
"432" 55 2.2596279519552 19.2292035673248
"433" 200 2.79987632059119 16.197351087945
"434" 18 -0.535127601182375 14.4519806626918
"435" 13 0.355505153830737 14.378257951723
"436" 176 -2.754407558324 13.4604027509568
"437" 180 -0.479691567740604 12.4666339720011
"438" 200 2.10148471853997 16.1392924619445
"439" 143 -0.0547041348782559 15.6165214533396
"440" 120 1.40456992849945 11.6460616139313
"441" 176 1.20617543511598 12.2581035491195
"442" 29 -2.94721337880037 10.6664146836314
"443" 24 -1.51414306278154 9.15782198336657
"444" 152 0.333041363560396 17.2766997502178
"445" 104 -1.98996796341561 13.5442728108324
"446" 193 -1.39351675400653 12.8564671546651
"447" 141 -0.22828852598176 15.0241686954379
"448" 30 2.14441701343844 14.8105679232273
"449" 27 1.44250452817898 13.5511553820747
"450" 4 0.784212342765974 18.4271682439762
"451" 60 1.46649467414279 17.9494686115365
"452" 71 -2.85045017333794 15.0835042030552
"453" 28 1.64371256425618 15.5604216265818
"454" 197 0.409404940777047 15.2139869252411
"455" 77 0.282073427421359 12.7834172860213
"456" 109 -0.940624732824851 10.8043473496081
"457" 16 -0.748224484756891 13.6830229736043
"458" 158 -0.996917286089462 11.297299060495
"459" 49 2.49983988387802 19.5162240384841
"460" 37 -2.72056543592443 13.1242926624661
"461" 2 -0.510458846207249 15.3866385432123
"462" 77 2.88421878258619 16.8311592541223
"463" 8 0.82121408023051 16.2616844809955
"464" 171 3.68366250467965 11.7352295008326
"465" 99 0.744350950824419 15.8182074708892
"466" 113 -0.426538605192325 8.44455514607359
"467" 12 -1.68897598503468 13.888552923056
"468" 97 3.58385412300013 17.8748626160107
"469" 104 -4.10770686316089 11.9173923810242
"470" 10 2.48986576083473 14.846056823043
"471" 12 -0.936338581928654 13.3985606745527
"472" 138 -2.72183760445628 14.5876198249941
"473" 193 0.479263917214573 17.1292078898163
"474" 134 -2.60725978172506 14.2268590486038
"475" 13 -1.65525538929416 10.9142191986723
"476" 44 2.06425395779194 18.3550777252756
"477" 45 -2.17767622312822 14.4229979388341
"478" 134 1.22630079550753 19.1826524988055
"479" 64 -4.81511767758784 11.5897163068598
"480" 96 -0.243304287085877 17.0787040804272
"481" 116 1.12101000089586 18.625646956705
"482" 11 0.753255459966346 10.9074420388939
"483" 65 4.64718884209673 20.1143306931445
"484" 131 -3.42271217339032 15.942226421843
"485" 2 -0.538976887225373 17.239175400743
"486" 99 1.60335772196916 13.3146157408572
"487" 41 -1.39104444794513 18.0422747232615
"488" 112 3.04389575585371 16.5877334761516
"489" 69 1.77557159349008 18.4420116111906
"490" 175 0.255482683471355 15.4090867789672
"491" 97 -0.467215456753249 14.9868836458096
"492" 106 -4.82006949435178 15.3632856890075
"493" 140 -1.22406604856947 11.5779246412375
"494" 19 3.39472697269026 14.6462875946168
"495" 182 -0.638716221006068 15.1601429257046
"496" 45 0.388897521608301 13.8781997549378
"497" 144 -0.255891289098373 19.306600879392
"498" 8 -1.76502749123508 13.6272150822186
"499" 93 -2.98850867219127 12.0457704281106
"500" 24 -2.15695923822818 11.5377808332636
"501" 64 -3.99378454682124 14.0259306177177
"502" 125 0.354115630397731 14.736877635766
"503" 4 4.10368819688018 15.7982545146841
"504" 69 -0.0684761678250206 16.8120783343362
"505" 187 1.26414367239067 14.3241164127834
"506" 84 -3.09490394881776 14.2839887416329
"507" 110 1.73786842996275 15.6635260423071
"508" 3 0.385060199206817 14.5837094082344
"509" 18 1.45228139276398 12.4635212438403
"510" 132 -2.97686349777769 14.5143788762648
"511" 58 -0.266556579319174 16.0456237804934
"512" 117 -0.290174004182567 15.1709127428905
"513" 102 0.485669277915669 18.8991703558057
"514" 52 4.23915515644021 17.9876415281921
"515" 102 -0.988685612684632 14.4873157964169
"516" 170 0.660225520362073 11.5236866131368
"517" 92 1.97712193497052 12.6848867784847
"518" 164 -0.690766689934584 14.6643988391638
"519" 33 0.326862484388177 13.2665492058864
"520" 30 -2.37308180383513 10.1904448843506
"521" 46 0.35842189254731 11.9165497771142
"522" 7 0.0709894492612486 9.95571622629589
"523" 180 3.15739993505362 16.6443115785104
"524" 111 1.82139330522888 15.0237631998446
"525" 8 0.716833481825378 16.7513022593138
"526" 75 1.55085077462295 17.6839142289608
"527" 137 -2.29211082156545 12.2953306719141
"528" 61 -0.473613915622036 15.5070240320013
"529" 102 1.50004453338491 18.5420516728577
"530" 42 2.59041320402385 13.1599159034201
"531" 40 0.486904985926921 13.0206891860708
"532" 80 -1.49070156867553 14.8831549031751
"533" 92 0.429327276592473 15.6038063839365
"534" 35 0.13999550392263 12.3374319349776
"535" 104 1.42159167891808 14.6171695518289
"536" 19 0.243345127525814 13.7320337535206
"537" 199 0.392689646514747 10.4754283867902
"538" 20 0.362305881727399 13.5552326147311
"539" 85 0.360258398028239 16.8850986024501
"540" 160 2.46039821670284 13.3978816528489
"541" 2 -1.09382442433663 16.4587622371707
"542" 87 2.02043682262856 10.6420093928545
"543" 129 -2.46920485291393 10.2740560210339
"544" 125 -2.1622513668562 11.1692509538283
"545" 181 2.67769405287871 12.5829661656374
"546" 131 1.65484401540154 20.848567944909
"547" 173 -1.19582286305453 22.5498164434219
"548" 193 4.9271141960907 18.1501602498082
"549" 187 0.833081867203449 16.8945001708407
"550" 32 -1.66096156689293 15.9113777831077
"551" 18 -2.22154412243733 14.4218580837827
"552" 28 -0.834304225668542 10.9126491499843
"553" 63 5.38547657010644 13.7500946278909
"554" 55 1.73742943676083 15.4050659168934
"555" 101 3.82491204002817 13.4394407984051
"556" 139 -0.890583534883736 18.5013368581037
"557" 30 -2.65452434902805 9.84440618072568
"558" 111 1.55737955070422 19.0079694246352
"559" 76 1.24896926127799 14.6836543939665
"560" 197 -3.28273214227135 11.3637200908112
"561" 137 0.586346219713909 13.1390325922159
"562" 197 1.44485608816548 14.9540321471678
"563" 115 -0.70182284796331 16.0502993337732
"564" 59 1.03956576557032 11.3893594059898
"565" 78 2.38532853115267 16.6696220376932
"566" 9 -0.182476135463213 14.6469605020999
"567" 39 -0.210390589825461 14.4045444017439
"568" 143 -0.0197023655413651 15.1127499751605
"569" 13 1.4966282926513 13.9682518910782
"570" 90 0.621748102088831 9.83744182908837
"571" 38 2.28517573302152 13.950053697352
"572" 190 0.82548029217968 17.6799508095678
"573" 185 4.02030106985919 20.0958130710178
"574" 89 0.733327429602502 17.6247890681101
"575" 184 3.13574687008306 16.3398937639173
"576" 63 3.21576277187473 14.2597091762365
"577" 28 1.38253915807933 14.7126641744732
"578" 11 -1.0178675355473 15.9063651323846
"579" 128 0.2098742813741 15.3226676437481
"580" 156 -0.990031354044454 14.0708430314903
"581" 110 -2.96846594606876 12.4676805779211
"582" 200 5.04828586289113 15.8630625356513
"583" 86 -0.810361618838683 15.9558863214992
"584" 8 2.11742811927246 16.3102297232093
"585" 134 -0.251513725296533 13.6784388122258
"586" 50 0.0749314875031331 19.4594356649242
"587" 128 -4.79048878126083 14.3978526467672
"588" 159 -2.81806795174143 11.2808108221729
"589" 197 0.68813699559909 15.0842322242822
"590" 124 -0.0931863335934114 9.54211592310539
"591" 130 1.23581036456717 16.299368502828
"592" 146 1.8005711558035 13.8641001575889
"593" 123 -1.85523428653214 18.6248514605702
"594" 22 3.18783744805783 13.4692391293792
"595" 139 -3.6216473005013 11.4887137964333
"596" 95 -4.03097422006658 7.65297664515944
"597" 40 -1.3999284970418 15.1795886112359
"598" 90 2.45142803096532 13.9492918165353
"599" 85 -2.06666085751476 16.7579279798617
"600" 26 -0.707499760378481 14.4174602085971
"601" 89 2.61557720959984 17.6840981787947
"602" 168 -0.765937354152799 16.0455345629914
"603" 14 -0.0972065039731112 19.0169790369219
"604" 88 1.70690204689381 17.6715054463424
"605" 62 -0.0246081212041262 18.4260371077503
"606" 85 0.392939736667835 15.1782209627341
"607" 165 3.78292686322392 18.962401411496
"608" 67 1.84321384542983 15.3919405472279
"609" 100 2.22109687301363 16.8371911133716
"610" 187 -0.417282408416856 15.7366499815422
"611" 114 1.1020307703168 15.4418313791927
"612" 200 1.96473303682055 16.4146633371753
"613" 20 -1.06090105916836 14.7201375143881
"614" 85 2.04010229652908 18.6486408349815
"615" 135 -1.42363714418848 14.4160443486878
"616" 84 -1.14280006763895 12.5849629152026
"617" 147 -1.0141359378641 13.7923242168091
"618" 57 1.97275924999894 14.8338310796348
"619" 49 -0.278543140490959 19.1285845622065
"620" 30 -2.29639541176931 12.7582800868489
"621" 25 2.81865388055687 18.7772312950815
"622" 116 0.598745076907685 15.979502026704
"623" 52 -1.22412683181284 17.3025338922967
"624" 63 1.09084691540217 10.7506305260067
"625" 195 0.740623211443032 15.0525383100407
"626" 129 -1.15771236694961 15.0116346048497
"627" 156 -1.12053703456671 20.5053160454232
"628" 155 1.24670091964764 15.1249309304006
"629" 102 -0.825629911591055 14.8491586351047
"630" 143 1.31074282400728 16.48828443297
"631" 199 3.00620099802935 15.2254599339094
"632" 75 -1.07878165010751 14.7319468324453
"633" 159 4.71035319645509 16.5018234589703
"634" 154 5.3478246948219 15.4780576327472
"635" 194 0.168094663517216 12.7625835378897
"636" 124 0.814126357101332 14.2329195314866
"637" 161 0.20120364956513 11.2728319524497
"638" 66 0.960667202537221 17.144323515626
"639" 59 -5.18625499487744 8.65484733388479
"640" 156 0.397637745442263 15.0989607687753
"641" 41 3.01531878364439 19.9757461734282
"642" 148 -5.18837037959244 13.5148287044303
"643" 7 -4.26669144980401 15.6603886825532
"644" 16 0.0956687357979649 13.2505148726414
"645" 86 0.368468923726943 16.4287115379452
"646" 46 -3.46549730392435 6.37856429113861
"647" 125 -3.5042529198768 15.6750599457397
"648" 53 -0.918582074397859 11.1918151209661
"649" 86 -3.80674562362581 13.4048706083407
"650" 137 -2.00503966672318 11.9272695756352
"651" 188 -2.43675925159892 14.6895775325872
"652" 58 3.37145266806781 16.4509896198327
"653" 111 3.71580897994046 14.455988673239
"654" 47 1.23619933005498 16.6803791757998
"655" 121 -1.80236658447194 13.9700036492029
"656" 45 1.90278567651472 11.9641959397459
"657" 28 2.7377506548851 15.9907373222158
"658" 143 0.165813984549161 16.0580774729476
"659" 185 -0.128893811834698 19.2476348939575
"660" 185 -1.77255608643044 14.6214863807427
"661" 158 -1.14705164661934 15.8812942745763
"662" 101 2.04473307662398 15.7181584269953
"663" 99 1.80499475654457 16.4183751858507
"664" 69 -3.32862951809669 11.30038132646
"665" 25 0.742839406709714 15.0543330014032
"666" 32 -2.2992557829373 11.6904461313722
"667" 146 -1.15818274312818 15.9000171294732
"668" 153 -2.38814807789604 10.2551847532913
"669" 70 -1.73295383144581 15.3258224364903
"670" 76 1.72246128982483 18.1305093178666
"671" 129 -1.65763091690131 12.9984123407842
"672" 118 2.89614723877218 15.6003015630361
"673" 164 0.0297390697774194 15.865663674667
"674" 193 -1.5215775862436 12.1098369537133
"675" 193 2.62352926576949 19.6340507713242
"676" 181 -3.79510184724376 11.4090952992519
"677" 62 -4.07015266425561 16.9138065291149
"678" 33 -2.58961939708071 14.5946551597191
"679" 103 0.365213279733018 16.6616508355891
"680" 89 0.805134891097267 15.8838783344703
"681" 185 1.74062389113952 14.2830269774037
"682" 147 -2.08025724587149 11.0270309744701
"683" 128 1.00904881251293 19.9577116785438
"684" 191 1.07131407938675 14.115762374682
"685" 55 2.73499156764062 15.2633872836364
"686" 127 -0.285110777172047 16.3418028998641
"687" 160 0.504052045648948 14.4908984822057
"688" 112 1.44397704188709 15.8075606331523
"689" 67 -2.11823230382301 14.8845759595713
"690" 72 1.27871462712935 16.2225611298073
"691" 61 -1.76725287410613 16.0592143311886
"692" 128 -0.472575485163257 15.656131769769
"693" 195 0.602316803063399 10.899389035467
"694" 103 0.883163169825535 15.1835010175998
"695" 129 0.0818182684034953 17.5845694848202
"696" 32 2.5741426880247 17.2398249678658
"697" 89 -1.03213995877743 16.3236969092449
"698" 136 2.79925587946022 15.863519135134
"699" 146 3.01091910339963 13.9231729969673
"700" 57 1.48869676872441 11.0965104813122
"701" 196 1.00018304373868 13.4893999907686
"702" 14 1.93768059950008 13.7813789699602
"703" 39 1.53574795872333 18.9071378386654
"704" 102 0.173543596956839 17.5728120717348
"705" 121 -2.32636326938769 11.8725409589198
"706" 42 5.10503234494854 16.41334353613
"707" 135 0.0520368963663237 17.9763315280758
"708" 135 1.77440954658426 17.2034418178113
"709" 52 -1.72585363931717 13.4841109180369
"710" 40 1.05494247923162 17.0784075801168
"711" 181 -0.258775727038759 14.9303877638336
"712" 36 0.925017330090627 14.1277623042738
"713" 94 2.99807672159277 16.8473061997529
"714" 5 0.124361755587364 15.2018542210803
"715" 35 -1.12334235374275 13.1276169298957
"716" 143 1.6828544198399 14.7103295333378
"717" 62 -1.75738816157642 12.9295844746041
"718" 149 -2.25485273453985 16.8949259813528
"719" 77 0.160082381324954 11.8318052942027
"720" 17 2.84089466723931 18.9778666649609
"721" 82 1.45264778167601 16.6916704944641
"722" 150 -0.636975789710403 15.2462740416003
"723" 37 -2.55907143675187 12.6428971887356
"724" 95 0.373788459392936 14.1808886754093
"725" 26 3.56934294631009 13.7007988455694
"726" 48 1.08646044338934 12.6434970532174
"727" 95 1.22050284979439 13.4053953358585
"728" 21 -0.624226607655817 15.197561445514
"729" 10 -1.01932880546719 8.87984923348501
"730" 174 0.213655748138769 14.8136959454137
"731" 140 1.25306052199534 13.6278580801968
"732" 101 0.950573381035499 15.7497261070202
"733" 89 4.35798379196105 15.3575740848057
"734" 71 -0.533733540282791 17.707562507615
"735" 106 -0.213933023616892 15.7612165964147
"736" 9 0.388695554790553 15.1640904173334
"737" 31 -0.796955113405382 14.5758391523723
"738" 198 -2.8715208261269 13.3020096081718
"739" 53 0.105455749222217 12.9779670150779
"740" 106 -3.08311577217157 16.4747958494788
"741" 52 -2.96423205755306 14.5938998627292
"742" 2 -0.0984398534588405 14.9960752589795
"743" 175 -1.01390167291692 12.9709578271706
"744" 67 -1.53814921774187 10.6728136000434
"745" 84 -1.53132084124829 9.55406693156138
"746" 137 -3.32882757129447 8.02121649227988
"747" 200 2.29331983801995 12.2171425748936
"748" 35 0.980862761942925 17.2221432587052
"749" 69 -2.71080313925196 10.01289029731
"750" 133 -1.74324162188512 12.1732000122361
"751" 111 -3.42677954633257 12.7753398720479
"752" 49 0.409819980375984 17.1425585159262
"753" 12 -1.87284365608732 14.5479312524397
"754" 1 2.95906161353451 14.8241238256119
"755" 168 2.60096854720029 18.2224807345509
"756" 76 -1.86932547619078 14.3608562174226
"757" 97 4.60276158120756 20.3633196281954
"758" 94 0.148411891343845 12.6773209136651
"759" 48 -0.72112270401352 14.8289951456931
"760" 114 3.09572363048902 16.0871148563562
"761" 10 -1.35814995623051 11.5668177833807
"762" 166 1.62485293660951 19.0936464064439
"763" 94 0.310386049847755 14.857924278055
"764" 31 -0.439640595286057 18.1568050809253
"765" 69 -2.78304876864014 11.1782159721128
"766" 70 0.436924569314018 16.2811915579509
"767" 148 4.00414298191065 22.5482171289045
"768" 146 0.0416027397740154 15.0036929732789
"769" 60 -1.07337338954093 13.5191753786184
"770" 40 0.151665290386238 12.4207252418336
"771" 61 1.29037989139763 13.7446276178325
"772" 164 -0.804204276838452 13.5026895613554
"773" 77 -1.31958750294409 11.3315475408667
"774" 57 0.648631335253469 14.8174959353516
"775" 184 0.0590589746131111 15.0707281985155
"776" 23 -2.2767317438961 14.3504462157202
"777" 127 1.30384645021709 13.8787430377126
"778" 186 -1.94741770988525 13.8644559765786
"779" 48 -1.2238872492969 16.6110370002318
"780" 69 -1.11454979479171 14.8361511768999
"781" 64 -1.7292271645736 15.520219210829
"782" 180 -3.70237330260435 14.2840154567103
"783" 113 4.36245109654736 16.0193927796702
"784" 145 -1.88037419848373 17.6444028744673
"785" 108 0.78047132706061 13.8761316772365
"786" 143 2.75211008373876 17.8373321796275
"787" 128 2.6356212106022 21.9012409663655
"788" 72 -3.06509463012826 17.5722116626472
"789" 153 1.98755901673276 15.1261079129936
"790" 125 0.302344818250496 14.6397069497899
"791" 136 2.38066992883253 19.4602488101521
"792" 60 -1.90496067867947 16.884539383405
"793" 198 -2.06864403972403 15.4829847356395
"794" 161 0.614811564608993 17.9177510373417
"795" 78 -2.0278584609284 15.6737140106253
"796" 180 0.116384176829472 16.5223374209616
"797" 6 1.53014800194671 14.1019806520714
"798" 120 3.7878158468325 15.6458448305368
"799" 16 -0.128067354164072 13.0818622945896
"800" 49 0.085271990355325 15.6793403627768
"801" 42 2.22666849814154 12.2830434217911
"802" 160 0.0236334970847597 13.7945701599454
"803" 16 -0.370762940044397 12.0695714045687
"804" 56 -1.40021874995103 11.9840665913593
"805" 167 -3.11624305465673 16.7301700505881
"806" 95 1.36308515608918 20.0189798362744
"807" 186 -1.15627474152902 13.189044711301
"808" 5 -2.4746084938196 17.2914010274297
"809" 86 1.43784019241193 16.6785750680599
"810" 168 2.97933962837299 17.4631987691374
"811" 75 2.46905399230613 19.7855237442297
"812" 178 1.57878192813052 16.8814822497769
"813" 175 0.972705369033992 12.120917425831
"814" 14 -0.207302201970157 15.7138236219232
"815" 114 1.95856900888019 16.0836877475308
"816" 62 -2.09354602922208 17.8411067599358
"817" 14 2.80376838814633 19.617568693891
"818" 14 -0.819253399960541 17.5962906985264
"819" 182 -3.59656934813359 15.2249813973665
"820" 13 -2.64670125062768 11.8584947068956
"821" 63 -2.1352749484392 10.4682748103014
"822" 184 -0.95278946237068 13.5505147758675
"823" 50 -0.956112714024671 20.3384013627438
"824" 139 0.239257225048698 14.5942083939661
"825" 134 -2.5596929751042 16.1235750294292
"826" 50 0.290410271952982 18.1502482982872
"827" 102 -1.04312337816953 16.7868167145835
"828" 8 1.73904280956371 14.3061949324744
"829" 157 1.62736400835382 14.3459446805078
"830" 116 -2.2897862167952 13.4884544321351
"831" 199 0.451689406170595 13.3333473167797
"832" 53 -1.59986965378992 13.5605990023256
"833" 149 1.58878176438046 16.7210825507734
"834" 143 2.94487729035145 19.7182817171783
"835" 59 -2.12330573117452 13.3681342906418
"836" 59 -1.14193325146529 12.7961909578537
"837" 146 0.351961412772953 13.1018492836193
"838" 106 0.66332623761827 9.85890904807941
"839" 116 0.510536671258027 19.8188400308933
"840" 99 -1.75905805183786 14.7068280111481
"841" 17 2.57539091411663 18.5306054356434
"842" 152 0.788773178096706 16.4481308752941
"843" 117 -2.78764061716971 10.2111181387833
"844" 112 -2.72543565361527 12.7711906156594
"845" 15 -0.110594771572307 15.4652638868726
"846" 118 0.634084453253793 15.4496815045502
"847" 155 2.99420505317562 21.0220454461773
"848" 121 -0.407058445821601 14.6525050894404
"849" 143 0.732332027497337 13.8890207017896
"850" 67 -5.36701096400497 13.2091277102804
"851" 170 -2.11903739596331 10.6928950345114
"852" 50 -1.23864772167752 16.0323110495574
"853" 135 -2.44930291809305 15.0150878248972
"854" 145 -0.208054760458053 17.7975498463311
"855" 86 0.616484131386062 15.1465318854903
"856" 163 -1.08588933881242 11.9175832703953
"857" 77 -2.19202495456198 13.153480368863
"858" 155 2.6107540944702 17.0510475664237
"859" 107 -1.36675261138297 14.1100774870908
"860" 49 -0.113862607569782 13.7368798513175
"861" 64 2.60037213064882 13.9075547942966
"862" 188 -0.714163203074955 13.7760120895142
"863" 176 3.98543264558753 13.925832486536
"864" 33 -1.72074089216974 12.5264487507361
"865" 120 1.00139302321958 16.354365452514
"866" 135 -0.0418067681751681 21.4353705368335
"867" 195 0.295228193721331 13.4414838436871
"868" 49 2.29262678147989 18.8224719030461
"869" 183 2.4075519223509 15.4933200629695
"870" 113 -2.47742899624058 13.7239615490846
"871" 101 1.95895457837185 14.9250941000476
"872" 124 -1.16679302727321 11.4711021502251
"873" 85 1.03385187319938 16.3752746010813
"874" 189 -3.02344153912811 10.5947388635731
"875" 132 -2.07685323644922 19.813709669607
"876" 200 -2.13393616371368 12.4263177827269
"877" 111 -2.61101933607297 15.750413570792
"878" 41 -0.26131187945299 13.738403936709
"879" 111 -2.01350771214654 12.1182281901885
"880" 186 0.864109389640569 15.6284264415695
"881" 109 -0.826282519877915 18.6686690608654
"882" 74 -0.156276987144858 17.4976611499832
"883" 38 -0.54950617271993 16.3170228772589
"884" 120 -4.98627244277957 12.1404862077599
"885" 134 2.05362579855427 13.7155418094981
"886" 183 1.1961750731029 18.9166950627077
"887" 123 2.69317527725736 20.2663184493026
"888" 150 3.77296301072743 15.8129267881285
"889" 142 -0.477749098541768 12.6239102941853
"890" 11 -0.854494265410971 15.2554152344342
"891" 124 -0.229176507128711 10.1803401308386
"892" 39 1.28600716838566 16.7281463866699
"893" 140 2.04515347106968 15.9604588322896
"894" 34 -1.9046017077533 11.2975090975587
"895" 113 1.01603576878417 15.2964768870267
"896" 58 0.0866771823394985 13.0600175608368
"897" 197 2.31494336190089 15.664339209395
"898" 189 2.63937065407718 18.0786251499293
"899" 16 -0.91407511663165 14.6864281442867
"900" 10 -1.33014247024035 13.0892370904664
"901" 24 -2.10910139907116 17.8292225155272
"902" 146 -0.976745395226365 16.5388890334082
"903" 8 2.03663250433172 13.310361547714
"904" 133 1.87731826276374 17.8986504303509
"905" 189 -1.27337310895634 11.7304965766878
"906" 19 -0.638403444677869 17.3731122903656
"907" 112 -3.14100531934257 16.143160774185
"908" 110 -1.53307968328413 13.249070520197
"909" 79 -3.10185720476802 13.3686194945562
"910" 188 0.440202137232334 17.3237050740163
"911" 10 -0.422769117853276 8.59922063638658
"912" 188 -1.26295368516779 15.9303859047206
"913" 111 3.23876105487727 13.1083598246425
"914" 19 -2.32076355756675 11.5525308878621
"915" 121 -3.02173361967081 13.098558024882
"916" 37 -3.68108756122138 10.8772151063944
"917" 166 -1.8417405296021 14.9923767794955
"918" 45 1.89986670157822 18.3104596589167
"919" 80 0.765878697680392 17.3289409414197
"920" 41 0.0550364476634016 16.3714467276019
"921" 49 -0.875909227593622 15.8184157226238
"922" 133 0.133367050516418 11.194189830346
"923" 5 -0.4100739230201 14.3481213107802
"924" 143 1.43737622138678 17.4957622554717
"925" 83 0.861887902487951 16.5733411395126
"926" 26 0.53674521523881 13.9803151750014
"927" 58 0.808814619502269 11.4109141820068
"928" 105 -0.445845084893942 14.9033375793133
"929" 8 -3.07736392946805 12.1452658241722
"930" 181 -0.597333715108891 15.6003259362093
"931" 42 -0.37803445648641 12.7968083028507
"932" 90 -1.75574495403326 11.6293175481109
"933" 54 1.51679845419906 16.7709891793186
"934" 75 -1.91549129512189 14.6861071278337
"935" 16 -1.39939501032002 13.5300562127987
"936" 73 1.85300284006869 13.3456521931113
"937" 100 -0.449267597129405 18.8391133464009
"938" 87 -1.05990516820249 14.8116319974219
"939" 7 -2.7588115198261 12.9377329929314
"940" 156 -2.71545170859622 14.2957329769579
"941" 185 0.449543127208193 14.4604237458214
"942" 192 3.84337430986993 17.059310113308
"943" 130 -0.225639960607659 14.3286642894104
"944" 186 0.539517853637831 14.7706011373803
"945" 148 3.08911177951094 16.6009337641045
"946" 109 2.44188153877277 16.6349209153052
"947" 24 -1.18808906623681 10.1200541396371
"948" 80 -1.74810195015065 16.784146588102
"949" 145 0.691257714678334 18.1019866822455
"950" 173 0.987389975555693 15.8404442761849
"951" 179 2.09716204766409 18.56118556015
"952" 97 -1.71157377830177 12.6580662830245
"953" 165 -0.997666110968245 14.8992465858266
"954" 24 2.56224647698182 13.5841996965974
"955" 113 1.19345495604219 16.633212518139
"956" 135 0.395966858320649 15.7183184814024
"957" 84 2.0713340145021 16.4542293510559
"958" 169 -1.33239600751458 12.6065575241368
"959" 189 2.8090806219196 18.439104500015
"960" 159 -2.07543741611451 13.260542406538
"961" 134 -2.4825640185975 16.4496224008392
"962" 32 -0.270633954738306 16.1874315789512
"963" 188 2.75498922045765 16.2087088575128
"964" 78 0.783325253562984 14.5698100922427
"965" 14 -0.068985237001845 12.735423856545
"966" 108 -1.02749589134279 14.0057484807295
"967" 20 -1.05944440556612 13.7768822373612
"968" 114 2.36276570899627 14.3084722261371
"969" 106 -2.49664142591885 14.3002179625248
"970" 108 -2.11199073381611 11.2232394429704
"971" 26 -1.89618367232931 10.9737913531607
"972" 100 -3.77603236952474 15.7981941308577
"973" 92 -0.743377655527611 11.8229182932831
"974" 49 2.91764150388001 22.2622892622386
"975" 162 -0.230441887576715 14.5801086458152
"976" 49 -1.54305053602973 16.8814149019953
"977" 21 3.13831615570205 15.2278020171034
"978" 36 -1.38522621460199 11.0277035903946
"979" 92 -0.896049109566059 14.9360688904956
"980" 186 0.881824468393215 15.8753422037706
"981" 57 4.88952614737717 14.5146935549674
"982" 62 -2.3489121105115 17.7405887756376
"983" 170 2.62510839044373 15.5020279326724
"984" 184 0.831324946479022 15.8452366921169
"985" 193 3.23068231747086 16.4849373723843
"986" 83 1.68983263274925 13.6089368043874
"987" 22 0.187368859841132 12.5664583040928
"988" 132 0.466946767654431 14.1096302374184
"989" 21 0.898840916060748 16.4003496294675
"990" 176 1.27637040320919 14.3044152856214
"991" 148 -1.58300866823674 16.0164765422267
"992" 114 0.835435706177192 12.9818598548892
"993" 194 -1.09376787418079 11.1777570936182
"994" 116 0.093104776176282 19.15381010391
"995" 12 3.53298988651254 15.7376630322891
"996" 117 1.82545183586548 15.1466995072856
"997" 7 0.228672397739316 14.0479597184464
"998" 92 -1.29314081152712 15.6279466499594
"999" 110 0.739336846682524 14.5922462295241
"1000" 164 -2.16402616185782 10.5563031558703
"1001" 148 -0.309486183201187 15.5456890807853
"1002" 100 1.86567807436514 13.4543395266573
"1003" 162 0.257776764672822 13.5739705153407
"1004" 182 -0.595029876346189 16.1142423691552
"1005" 2 1.35361524969781 17.2266361218245
"1006" 26 -0.7606962285853 11.1267311452688
"1007" 158 -1.75959176971597 12.0542157336521
"1008" 37 0.0247464701573042 16.3720325552348
"1009" 121 1.12353279996903 16.3687526417392
"1010" 137 -1.74120518637753 8.09620458188033
"1011" 138 1.85520804351037 16.2600510566155
"1012" 187 0.410030147953465 14.0138111130033
"1013" 167 -0.525699325842329 14.7226216711268
"1014" 70 -1.51564841363093 13.7041632799704
"1015" 82 3.32510571195101 17.2369144085598
"1016" 104 2.99709342169924 21.312931934192
"1017" 45 1.67265803022636 16.0618244634382
"1018" 91 -2.77010731303413 15.6056947790403
"1019" 100 1.45647571678956 14.7314193098036
"1020" 124 1.66988419942692 18.2255833560906
"1021" 83 -2.30269623380511 7.45480346590807
"1022" 13 -6.69864816221419 11.9469698608887
"1023" 91 -0.339264577922149 16.050061187386
"1024" 114 -2.06111550776067 14.0074903152505
"1025" 64 -0.917580510941967 11.7774787315692
"1026" 52 0.416761959175629 18.8538967176136
"1027" 56 -4.01886372410079 8.41411721995421
"1028" 19 2.00831637947132 17.6144587789825
"1029" 177 -0.756289809012772 16.4447256397753
"1030" 11 2.81673891516941 16.8122553347343
"1031" 128 -0.227493218953256 18.1819605283324
"1032" 111 3.47681403429152 16.9909202431094
"1033" 184 -1.25386148381851 16.5073254415601
"1034" 33 -3.12594298845236 13.0630048863759
"1035" 26 -5.37649454755792 12.6558391233204
"1036" 179 -1.46061127232575 13.5281989907132
"1037" 21 -2.71091516070471 15.6445707600178
"1038" 31 1.15642241205719 18.8947650767308
"1039" 84 -1.97188386354775 14.6678140804526
"1040" 174 -1.79877132025096 15.3653973505369
"1041" 176 -0.637116986755871 14.3560751732822
"1042" 131 -1.82634608096295 12.1694085331501
"1043" 185 0.899476279032338 12.0658903235514
"1044" 93 -1.9216697836727 13.532525731027
"1045" 88 -1.02497406685471 16.7668979908936
"1046" 185 3.52298344693985 20.0851817580704
"1047" 188 -2.19151737804606 10.6428001888876
"1048" 153 -2.03889098679443 12.8259799959433
"1049" 165 -2.28875417305766 13.6632359071368
"1050" 136 0.234015497757462 13.7060839323658
"1051" 31 0.932340144397065 16.1586383570413
"1052" 37 3.76005536739632 16.5032258007967
"1053" 84 -4.68095775102327 11.2158014058304
"1054" 49 -0.89875129116455 17.3684877398261
"1055" 45 -0.0606416029417529 13.3665324723654
"1056" 135 -0.0996975095172224 17.4913815284056
"1057" 169 1.43543728486409 15.8694706532556
"1058" 29 1.00872580030638 13.2908423031079
"1059" 182 -6.73020804547743 14.7120755997762
"1060" 145 3.49658244431316 14.8864392953514
"1061" 103 -0.362975251145159 16.1805579144865
"1062" 148 -1.37808390849255 15.9254102898626
"1063" 23 -4.58011137523147 8.99996086049185
"1064" 30 -0.893592309712075 12.3047935529294
"1065" 17 -0.0962088250134123 18.7479840504522
"1066" 51 -1.11505879818823 11.6714968650604
"1067" 115 -0.958603792821492 14.5732679299907
"1068" 122 0.186164345235837 13.6812352706462
"1069" 50 -1.38349749108462 16.1736813697878
"1070" 8 0.894031503049881 16.5482311652151
"1071" 19 2.3360595446432 19.2036584357243
"1072" 94 0.958357498997265 11.9026289666868
"1073" 116 -0.0786349001934466 15.4667743819632
"1074" 196 -1.42786186933558 12.2317174354785
"1075" 32 -1.81051055209189 12.6038447313782
"1076" 19 -0.221140759562616 13.7868261775602
"1077" 98 -1.35493781293249 13.7511337201972
"1078" 109 1.81814224659053 19.751706075451
"1079" 159 1.22019169442881 12.3780998283812
"1080" 53 0.134539870091226 13.2827452556845
"1081" 195 1.5567239953939 13.6347428795942
"1082" 138 1.89989490496482 16.0859245136369
"1083" 37 -3.38537447032812 11.4449210039019
"1084" 148 1.96222062765551 19.2145807219018
"1085" 14 0.746132529996144 17.3845067996484
"1086" 153 2.02865671755619 12.4591913088974
"1087" 84 -2.58260284946373 14.5269266162744
"1088" 27 -0.318284913475056 20.0288049645303
"1089" 95 0.378163196886517 15.8276811043175
"1090" 180 1.91656458013297 19.582056628811
"1091" 103 -0.435780054563368 15.2465414199716
"1092" 91 2.47779153573039 20.2575125426975
"1093" 106 3.62331784647177 17.8093955266913
"1094" 196 1.71894991291934 14.4001491241638
"1095" 113 -3.14307239924333 12.1738202434502
"1096" 139 0.97926809018232 15.3074924101331
"1097" 152 1.67826154409718 15.6870915362151
"1098" 93 0.573348695017166 13.6319945454887
"1099" 111 4.80094401976791 18.0249413083375
"1100" 13 -0.77707131240279 12.2762943663082
"1101" 68 -3.85635504519259 12.0829076110327
"1102" 29 -3.57562261742877 13.6501330556097
"1103" 132 -4.10763582996635 10.8998639035236
"1104" 98 3.29386224513122 15.2172119797852
"1105" 196 0.30136573589588 16.3548468202609
"1106" 184 -1.48278111234019 12.1029839359346
"1107" 67 3.06344068422601 13.6697805612551
"1108" 122 0.725415428869974 12.6832007155537
"1109" 161 1.95883946557528 8.46764808584205
"1110" 141 3.0406053033234 18.8274258954432
"1111" 11 3.00119760023591 19.017978128883
"1112" 130 0.715401943438234 19.0587013161345
"1113" 89 -2.18119842478293 13.0253559614517
"1114" 129 -1.83215564493888 14.8967964499151
"1115" 51 -1.70328962919915 17.4086232620114
"1116" 15 -1.14929875885259 9.82399519243373
"1117" 157 -1.04801995208998 14.4699431942438
"1118" 129 -1.92301894902562 11.906106666041
"1119" 48 0.669777563108999 11.3123313161621
"1120" 192 0.232234676691006 16.4751374905996
"1121" 15 -0.76097373578383 16.9981588945803
"1122" 31 0.0695934484849765 13.8029092055049
"1123" 152 -1.38108678855525 15.4815758248716
"1124" 97 3.35794284434747 18.3731077744327
"1125" 179 -0.748052087516856 15.3530476468798
"1126" 133 -2.39606144874286 13.0831581216265
"1127" 16 1.01450420224211 15.2381568500534
"1128" 11 -1.24674074691204 10.0872564319186
"1129" 41 1.71667321422304 16.1720961456962
"1130" 136 -1.69548497604563 15.2803344925762
"1131" 186 1.04890779003943 17.0020460055801
"1132" 160 2.78802104175014 16.6941634689606
"1133" 19 1.86269280651676 14.3260285740288
"1134" 192 -3.83873600245364 12.670988588751
"1135" 166 -3.08509883229263 15.2514300524612
"1136" 63 0.861775474930181 13.0886515409658
"1137" 187 4.20108194554203 17.0885318914272
"1138" 43 2.77523175157395 16.5742666291398
"1139" 87 -0.0165478912572217 16.2168341135488
"1140" 167 -0.462214059607366 17.094671202202
"1141" 129 1.89983078023008 15.5610111408723
"1142" 182 -1.38108952424101 18.4290418392104
"1143" 3 -2.6702427969533 17.1579148312357
"1144" 200 -2.08464026502459 14.3763370513425
"1145" 71 1.05070963695216 16.5976215393193
"1146" 183 1.35339716913113 15.9208198864967
"1147" 196 -2.03776615223927 11.4887911750442
"1148" 155 2.39281010217183 16.8363308714479
"1149" 166 1.99364266959057 16.1007143455263
"1150" 46 0.479190771124634 13.9643479332548
"1151" 150 -0.853288616792287 13.9326690821788
"1152" 34 -3.35733986225652 11.5401928931738
"1153" 1 4.71459827063992 20.6757810144283
"1154" 104 -1.78404272236714 13.3071488529073
"1155" 72 3.67920886048995 15.2034454152974
"1156" 85 2.00009984284183 15.1886150336457
"1157" 136 -4.07424615978458 13.2427296123245
"1158" 24 -1.98615798022092 10.3368066121417
"1159" 99 -1.67872228619991 14.2886651364286
"1160" 139 2.48812475398029 17.0304969463226
"1161" 87 5.21751840008906 18.2442002006275
"1162" 39 2.59426258780448 19.3098070538577
"1163" 104 -1.25883458943946 11.4292882001683
"1164" 43 0.885457692569884 16.1710397533755
"1165" 157 -0.37177985291205 14.9237173154498
"1166" 159 -3.09928990435571 14.256041522191
"1167" 105 0.539150043740683 16.0834366078126
"1168" 28 -1.8151901088396 14.3158650093091
"1169" 154 -0.0541325135157864 15.1815007487674
"1170" 147 2.22602628785407 17.129288985127
"1171" 130 -0.0226062331914763 18.3851419294532
"1172" 182 -2.58660034557429 15.6494405194526
"1173" 4 -0.148022937149468 13.728247620481
"1174" 84 -0.404048127774602 15.9697759894304
"1175" 69 0.498269788652337 13.9179694250244
"1176" 34 -2.13536068880714 11.8418138416931
"1177" 148 3.90290332929833 14.7321324509322
"1178" 180 0.977222221595255 16.8944421373429
"1179" 157 -1.14154629994815 15.7099579837627
"1180" 16 1.12180550196782 15.2307019703985
"1181" 18 -1.12245876474997 15.025342105215
"1182" 85 -0.302666605618189 18.5602651969869
"1183" 127 1.40734367226926 12.1231071095468
"1184" 117 1.87123236997989 13.9855530982084
"1185" 118 -1.00177569862247 10.0719158022152
"1186" 96 -0.196064046731789 15.3211451846425
"1187" 178 -0.258641808176513 17.2955111843988
"1188" 61 5.70183786630611 24.5909864453768
"1189" 76 -1.32624406412609 13.3972114125033
"1190" 60 0.891662066825024 17.7632359666151
"1191" 182 3.09524260792463 15.70953436211
"1192" 136 -1.62379000959295 9.38134440421491
"1193" 13 -3.86219577114148 13.9660297389668
"1194" 47 -0.692714790106898 12.9345355688496
"1195" 183 -1.64443132295756 17.2419552819164
"1196" 147 -2.81495079787399 11.1702594974549
"1197" 130 3.19023029315004 21.6759717783179
"1198" 146 -1.93476975726453 11.3266503726366
"1199" 185 -2.56168276998756 16.0231458476025
"1200" 8 -0.172356194667403 15.0080587143765
"1201" 98 -0.399236044740939 10.5867497716724
"1202" 181 1.24554642276837 15.5514714318518
"1203" 24 0.162056522438667 13.9562335492301
"1204" 45 3.31831251251848 12.5620662680836
"1205" 21 2.15416343243156 18.4461741525483
"1206" 123 3.11975484236179 19.6966829887498
"1207" 162 1.30189647860987 16.0527593417778
"1208" 14 5.30283479989387 17.6199075270497
"1209" 32 -0.631589836331967 17.8658138850627
"1210" 99 -3.57612348740737 14.2982403470425
"1211" 124 2.01498682843107 17.5526455645695
"1212" 164 -1.56775609379862 13.2024984473144
"1213" 28 0.377416949409159 13.4954061013775
"1214" 76 1.72106049285826 9.64616991230856
"1215" 96 3.48349854326801 15.8560183472344
"1216" 2 3.03040606433068 18.527557820411
"1217" 130 -4.04158970722958 9.26785005678367
"1218" 178 2.28841438634314 14.0590389763284
"1219" 105 -0.793737536078338 18.7321885150605
"1220" 112 -2.27150415991486 16.7454513905423
"1221" 165 -0.77721170929075 17.404586820404
"1222" 190 3.19496735697883 19.2295521499553
"1223" 200 -0.750672047984895 15.8504152490659
"1224" 80 -0.849657105530203 12.1675464474655
"1225" 161 -0.792325781762444 13.2949158229539
"1226" 122 3.06830498999487 16.129422845138
"1227" 46 1.37875785941319 16.3504601914781
"1228" 103 -2.10159087070893 13.8409586492366
"1229" 8 -2.82297391070316 8.5670825620069
"1230" 79 -0.689799960966691 13.8830312030271
"1231" 112 -0.419426951621369 15.0617111327023
"1232" 85 -1.37672713249533 16.2396262685184
"1233" 186 1.56938431312829 14.8562393304567
"1234" 59 -1.33998258413528 13.7734364913062
"1235" 22 -4.73266702218134 13.6285473838472
"1236" 145 -0.401142292195906 18.8345275527144
"1237" 35 -1.64340005846174 13.5190074033886
"1238" 92 -2.53063223965469 15.6019086762329
"1239" 61 0.856985431499237 16.4655501427452
"1240" 4 -2.4692113329563 17.7819433829001
"1241" 111 6.26649675401539 20.4601127219122
"1242" 11 -2.28134830738219 13.489079564336
"1243" 109 0.683376791375817 15.1305851457223
"1244" 6 -2.91677197393386 12.8181255955456
"1245" 32 -3.75056190417642 11.4877595422857
"1246" 130 0.570647755000445 12.6367208908101
"1247" 33 -4.01955690271999 13.6606498115287
"1248" 176 1.30408983689388 13.3779160573355
"1249" 149 -2.50534600694697 16.6662676409208
"1250" 73 1.86871999073197 15.7903750408025
"1251" 70 -0.720918566686088 17.3666332502664
"1252" 54 -0.487219428209263 12.7865448128152
"1253" 107 0.36446104702027 13.4507895110989
"1254" 76 2.04752516684603 15.3693530154908
"1255" 110 -2.26649728933293 13.9301524546664
"1256" 172 1.3340052606414 19.0445265779719
"1257" 153 2.38359345763432 17.5488418894746
"1258" 154 -3.69481453543073 12.3116238366005
"1259" 95 0.469833850934744 13.9979627001431
"1260" 148 -2.71692535277572 14.7352972793176
"1261" 72 0.666149296418886 17.8214060724056
"1262" 113 -0.303659453573292 11.2495595484255
"1263" 162 0.293661154838485 14.9118932495272
"1264" 160 3.08920796538556 18.7118949469179
"1265" 187 1.18524487828351 15.4462663997781
"1266" 136 -1.15862660266628 11.5211911647328
"1267" 42 0.997354833483955 13.9090431986487
"1268" 163 2.01877083558098 18.2185788888326
"1269" 31 -2.95035190558497 12.1986704336492
"1270" 96 -1.75805685010515 11.5680385036677
"1271" 70 0.363518458556239 18.9385618517917
"1272" 77 1.99777999345069 14.2113664596855
"1273" 91 -0.960878907348756 18.2206029143582
"1274" 193 0.0259745051982517 13.3991048172272
"1275" 51 -2.09109121458105 15.4884007084774
"1276" 199 -5.24551840263065 14.4738080574079
"1277" 140 0.66098772601435 14.1968136201011
"1278" 153 0.742035869657498 15.795292320198
"1279" 96 1.93148241384358 15.583695058596
"1280" 33 -2.18417647733101 14.0518200462605
"1281" 33 -2.29146638930815 13.9690826143804
"1282" 34 0.223153795702393 17.1729953702437
"1283" 72 0.250127391914884 14.975174274616
"1284" 36 -3.37858864108047 12.2844952896435
"1285" 64 2.72709206241975 11.1823996389367
"1286" 120 0.0308249533945052 13.3815860279243
"1287" 155 -2.98535452585989 14.6477646141955
"1288" 165 -0.310323863914002 18.1553923233511
"1289" 117 2.38650790543766 14.7085628162922
"1290" 125 -0.01759479281111 15.5861105762916
"1291" 99 2.86503091721239 13.1669731293189
"1292" 26 0.337479402755753 11.9819859289848
"1293" 173 1.96117400059767 13.6056940105383
"1294" 195 -0.485702622295135 13.7468530120689
"1295" 174 0.250328561133021 14.1850648145871
"1296" 10 -0.250628699219086 14.1164748552959
"1297" 149 1.74975245955709 16.5942346496359
"1298" 110 -0.760096159857986 13.1836006688672
"1299" 15 -1.95687612974343 15.1229935685558
"1300" 56 -1.43542188175294 12.7979282656753
"1301" 109 -3.62329627489288 11.3199539569976
"1302" 195 -2.31596939003607 10.2034407580364
"1303" 89 2.51258162220393 17.7893541738382
"1304" 79 0.611211367457966 13.2415435899873
"1305" 126 2.23492151362367 17.1323935859793
"1306" 102 2.92070227180241 17.5009373211454
"1307" 141 0.79025018997622 16.029040280769
"1308" 113 1.51553195452052 12.7059247563909
"1309" 97 4.12222898618995 16.8313068875463
"1310" 138 -2.11740875140658 13.9112305560693
"1311" 94 1.77721289936905 18.6775350596103
"1312" 116 -1.56312011231778 14.3056567139608
"1313" 91 1.8760005823275 14.5067475602566
"1314" 6 0.411742308985806 14.8867513282082
"1315" 55 3.44986817037924 18.3569711094035
"1316" 136 -0.607496623363711 13.851442060723
"1317" 155 1.0712282431583 19.2289259911444
"1318" 47 -0.757565547508685 19.9517140267695
"1319" 12 -1.59083353928026 14.6014748170688
"1320" 105 -1.03519089406017 12.3187032005918
"1321" 199 -0.30041721332345 14.9466231395701
"1322" 33 2.3747298801183 12.3248906620146
"1323" 58 0.386578090046991 17.0795089163753
"1324" 87 -1.86739196888426 10.5942805170754
"1325" 44 0.86463926407308 13.4162113984347
"1326" 137 -1.56910294049819 15.4616859487456
"1327" 121 -1.66877178299231 15.6496707366286
"1328" 101 1.51308276773709 13.3291177441835
"1329" 43 -1.81274525575788 11.5495434723272
"1330" 161 3.05693515329192 13.8710643114719
"1331" 189 1.62379782264354 16.930591645343
"1332" 80 -1.38056678087334 18.2493043256912
"1333" 20 0.637847816186292 13.4569271237978
"1334" 110 0.920505942792011 15.5819856156329
"1335" 187 0.497734821625493 17.3013518296847
"1336" 94 -3.65561728253267 14.65944654433
"1337" 116 -1.1866750821355 12.8890026078237
"1338" 144 0.417304614622421 18.4232439145864
"1339" 36 1.02289303534771 14.5366119711052
"1340" 106 0.532363022191767 15.5789937222161
"1341" 116 -1.08967285450973 15.8972299744816
"1342" 23 -3.0186850222434 9.94446889801968
"1343" 181 -0.70397500352525 12.8696532342684
"1344" 166 -1.85120355560663 13.4403732580879
"1345" 150 -0.321728895261491 16.427263532894
"1346" 111 -0.62783292001281 11.9327355552904
"1347" 143 -0.0235008330561166 13.5295253262589
"1348" 29 3.19548635729716 14.2668900042043
"1349" 107 2.52539978358365 14.9920676449779
"1350" 119 0.218657876925428 15.0003734365341
"1351" 28 1.86722570778783 16.9059717976845
"1352" 36 -3.4692963923485 13.3353235119028
"1353" 35 -1.69809009896405 12.6941622646049
"1354" 171 0.393168202466807 14.9248832384885
"1355" 198 1.22836287727895 15.0158728603056
"1356" 155 2.22586292839832 16.872488980547
"1357" 4 2.88104654029746 13.5436771976624
"1358" 15 -1.63704870936072 13.1786749517267
"1359" 33 1.16507467206085 16.8543869284327
"1360" 49 1.97441633339138 20.7212712475414
"1361" 104 1.99531553601434 18.1074509605953
"1362" 158 0.941725835163635 13.3277538811035
"1363" 194 -2.60972693335902 11.758714241591
"1364" 72 -2.30032687530993 12.7378296522254
"1365" 60 1.04172535174486 14.6942089932101
"1366" 60 1.25110371259471 14.546691738586
"1367" 124 -1.20576588980103 10.8400254809478
"1368" 46 -0.763174749346237 11.3092878104271
"1369" 177 -0.76725486053342 14.8357204296154
"1370" 49 2.82750323978432 14.7266611683583
"1371" 187 2.52383189209103 16.1001162864212
"1372" 27 3.04779144365707 15.0619065287529
"1373" 8 -5.96312785497897 6.48603910614936
"1374" 91 3.20663953406048 20.9029835104708
"1375" 38 -0.729043659058918 15.5202036412102
"1376" 48 -2.21265057472075 15.4146956883769
"1377" 126 -2.7405316444485 16.4589931781227
"1378" 118 0.118623069319356 10.71356585807
"1379" 114 -2.12009796327514 12.172618761569
"1380" 143 0.201764447915114 15.6180378769647
"1381" 161 -0.959316044436174 13.230836346595
"1382" 179 3.73109399977837 16.4618303816232
"1383" 114 0.702076702267728 13.0609320672341
"1384" 28 2.25687569110976 13.017358210472
"1385" 137 -0.796763676688243 13.5519652842306
"1386" 166 -0.429589571529272 11.8298601347034
"1387" 2 2.00548284222466 14.1195784211207
"1388" 73 1.79989983189101 17.1948956947536
"1389" 140 -0.932170299489572 10.6518816764143
"1390" 38 1.31598979993906 16.7492758179324
"1391" 161 2.08542573031332 12.6149383467949
"1392" 138 1.67743241461261 17.2238891287282
"1393" 136 -0.865620146451851 8.96929978064184
"1394" 41 -1.98358317160888 19.3109799947222
"1395" 188 -0.804930586160578 15.2738882624092
"1396" 30 -0.262241782953062 15.1278415325939
"1397" 46 1.36023994339142 14.5230127971683
"1398" 122 1.19222885804586 14.2538847395575
"1399" 75 0.929796855615471 13.9618220365933
"1400" 4 -2.51360109902274 14.3054393423526
"1401" 82 1.2517744093403 15.4529866344273
"1402" 61 0.293042318647761 15.0907851754891
"1403" 129 1.3496531463993 16.3172112598911
"1404" 61 1.96679027996412 15.3520125714095
"1405" 133 -0.0384877886847606 15.930008510511
"1406" 78 3.18434127243801 20.6275099237168
"1407" 70 -1.63398329914215 12.0087338365163
"1408" 195 -0.0791886169948472 11.9720507142677
"1409" 9 3.32359788043708 18.7928219041595
"1410" 55 -1.82054492508979 16.0365922803804
"1411" 68 -1.19656791931225 11.7988234022133
"1412" 109 1.40042432599135 13.453978415836
"1413" 106 4.05968811890231 16.3386811360861
"1414" 188 -1.35912510615986 16.0888236592112
"1415" 31 1.7999179545935 13.3063604411362
"1416" 11 1.46814127920451 14.8980074697877
"1417" 167 4.07823245136384 14.6886752789639
"1418" 160 -1.81203359580383 15.0049237151008
"1419" 188 2.49889281785333 17.8425146911401
"1420" 190 -0.3183977006357 16.7943715938334
"1421" 197 -3.71501401876583 12.6722883609128
"1422" 8 2.17893414356099 17.7505488637995
"1423" 125 -3.92467650630099 14.4776594509276
"1424" 180 -2.09971555117184 13.0976253779296
"1425" 159 -1.56433727829554 15.926883276246
"1426" 55 4.31773265603186 15.8248592488475
"1427" 101 -1.09129838301941 14.6502530462304
"1428" 149 -1.15655310351517 17.7859042330744
"1429" 160 1.27905217710543 16.1284166075567
"1430" 197 0.667316502792089 13.0536021353949
"1431" 58 0.317444324000814 15.3392747335678
"1432" 23 2.56571202497843 19.2697660849818
"1433" 18 -1.20080180479512 13.8259037874259
"1434" 64 -1.55276847005186 14.6109390348989
"1435" 51 0.234212080583205 10.9901595044343
"1436" 51 -0.148483389925559 18.2632805048158
"1437" 187 -0.642702559666699 14.7963062988713
"1438" 88 1.12646007171406 13.1033520020735
"1439" 118 2.29501171758375 16.6995219246937
"1440" 103 1.62010953622111 15.4121544076732
"1441" 75 0.358045750041829 15.8677977994013
"1442" 37 1.19492938359784 17.6604622149047
"1443" 150 2.1092051954483 13.2938361543269
"1444" 173 1.19207304063105 14.9194885112526
"1445" 39 -5.05956392289631 11.6693664866126
"1446" 30 -0.860485198491265 14.7254625729081
"1447" 165 0.596221515198158 13.4273580305327
"1448" 72 -2.53015671758412 14.1094499116283
"1449" 178 -0.814048584472 13.0822506262975
"1450" 112 1.92713317456099 14.3115443148619
"1451" 100 0.645561757510099 19.5321661853708
"1452" 90 -0.112897679013687 12.4935170809784
"1453" 137 2.55009194178934 13.7442033584938
"1454" 132 0.640349769051286 16.8467989466674
"1455" 23 3.32756037909009 15.3423346867501
"1456" 100 -0.349130407703256 16.5815842124119
"1457" 52 -0.140959822197847 15.0551114748231
"1458" 101 1.4432070757828 11.5842667223561
"1459" 3 2.68223698964027 16.0142545279684
"1460" 127 2.41627063076261 19.0873738915671
"1461" 92 -4.13316265033798 15.0708296852802
"1462" 147 4.30201149739181 14.8484863688228
"1463" 192 -0.439699765962424 17.8870156150998
"1464" 1 0.788047533015589 17.0199799422837
"1465" 11 -1.24766029704493 13.1999470505271
"1466" 61 0.899853009168905 15.9419844856897
"1467" 56 3.19852200947123 19.1901602704954
"1468" 9 2.63364519208326 14.5555697961364
"1469" 10 -1.85266650410919 11.3468328058335
"1470" 40 -0.886618404116959 14.5199547958676
"1471" 178 0.392938601599686 16.0876087441535
"1472" 32 0.38561807056833 13.8260987778463
"1473" 27 2.11076657131651 19.7626530329829
"1474" 56 -0.54841205747016 14.3122188153083
"1475" 143 0.0363114984516803 14.5089689186161
"1476" 77 4.5329639994305 13.7948434840431
"1477" 107 0.838757976169747 16.2343705422657
"1478" 142 -3.05528016663339 14.6781337021108
"1479" 88 2.76408595088231 15.1771869234467
"1480" 171 -0.531838581332479 11.7677505756117
"1481" 52 2.46054632280791 18.4488961171951
"1482" 183 1.26091313291461 16.8863246243707
"1483" 27 -3.57511322901264 16.5998862588556
"1484" 200 0.0470998877709414 14.2121737677217
"1485" 56 0.839718928927486 18.9081917440635
"1486" 142 -0.348512837851314 11.2358347646583
"1487" 188 1.39102592221341 16.1229562379993
"1488" 150 2.88845535619963 16.8215716530955
"1489" 95 -0.28287361662794 12.879925551511
"1490" 117 -1.50118008215432 11.8134612561049
"1491" 160 1.12827149562994 17.930384221177
"1492" 110 -0.786466830382376 17.6906338168644
"1493" 154 0.602667166265161 12.1874192684942
"1494" 146 2.97402289983797 12.2902842686343
"1495" 42 -4.45014954952835 13.2751584799736
"1496" 88 -2.18208086537225 13.9814293820141
"1497" 185 -2.24518671583772 14.9482474171288
"1498" 29 -1.38381137554986 7.99230969222565
"1499" 109 -0.449555801808318 11.5760705601898
"1500" 99 0.898606250854746 15.0037006783622
"1501" 143 -1.00417472430879 13.1396483042906
"1502" 195 -2.50675192492893 12.4193397764477
"1503" 117 -2.36103075566101 13.4966487329754
"1504" 28 -0.256226996689777 15.8890460810212
"1505" 19 0.0252904527936334 14.0043715104309
"1506" 156 6.24951776048346 17.1461348594388
"1507" 63 1.39415440267573 18.7600828249098
"1508" 80 1.10864128266755 15.9040799109218
"1509" 110 -0.829517927339603 11.4816244519984
"1510" 122 1.1172582413135 13.1179664167262
"1511" 46 1.15113552519249 18.2962939190949
"1512" 99 -1.76920156810948 12.3898127704627
"1513" 100 2.78067222539497 18.689416608186
"1514" 183 3.80694486476141 23.2979674684728
"1515" 132 3.25240446568439 16.5407673910693
"1516" 132 4.25062126490696 15.3611850146074
"1517" 151 -3.34791503894744 13.4793131405469
"1518" 187 2.35163716787676 18.2569322726194
"1519" 55 0.910710123102478 14.033751421639
"1520" 105 0.667705873813352 17.8559550298154
"1521" 110 3.95295320799287 12.490749007681
"1522" 117 -0.842655924134443 16.9149296455763
"1523" 88 -0.905261604749286 15.5267447489258
"1524" 10 -3.68204476673623 13.2087902649657
"1525" 117 0.615253511429478 17.0430802038218
"1526" 18 1.86100289469284 14.825824969589
"1527" 185 0.223168312569935 15.5902806312681
"1528" 200 1.0548494773832 18.0319190997114
"1529" 66 -3.20509498134182 11.0674492799958
"1530" 190 -1.26948689883833 13.8033439353382
"1531" 121 2.81546869051912 16.7383223423657
"1532" 139 -0.959145686112043 12.7485332880314
"1533" 16 -1.40879816512958 13.5357577423391
"1534" 121 -2.55785134359961 14.469234238058
"1535" 9 -2.23206810543067 17.4488347312953
"1536" 157 0.537801725540847 17.2605428475863
"1537" 20 0.900267315539375 17.2928580398389
"1538" 75 2.51160894398401 21.6994570281792
"1539" 119 1.94579404962127 16.3084421079056
"1540" 150 -2.89332168744998 9.71451873630431
"1541" 96 0.912898377137479 12.5889100463148
"1542" 182 -0.287978707796057 15.6646683898119
"1543" 126 -0.25175854163064 15.7372098188598
"1544" 149 -3.31892401671178 17.6835541134389
"1545" 74 0.500028089298809 16.9010237143204
"1546" 149 1.1722703170493 18.5170156128675
"1547" 108 1.84839928805481 15.9290556417746
"1548" 20 1.19049786172484 18.1212123911715
"1549" 106 0.234327776950905 14.5140642470405
"1550" 112 1.04480523755953 15.29486626049
"1551" 194 -0.42940242851205 13.2180440780623
"1552" 79 -2.39489631861619 12.9196092306214
"1553" 119 0.3669036616988 15.4977149009762
"1554" 154 0.0672416770652158 17.0797319649938
"1555" 131 -4.1080339483236 16.4843514439926
"1556" 65 -0.550998915770668 8.90076660497085
"1557" 137 1.68832150388881 14.083678972446
"1558" 59 3.33966420060239 15.4458790141613
"1559" 7 -1.49768486926475 14.8429455729899
"1560" 28 -2.59020233262234 13.1403747149158
"1561" 103 -3.36009362410133 11.7328687570551
"1562" 43 -0.267402327092297 13.453698477963
"1563" 20 3.46299097360736 15.6825791195241
"1564" 113 -1.2840632007524 16.3623008176725
"1565" 147 0.712825620361428 10.6680834763167
"1566" 176 1.18403393619394 10.9949666942452
"1567" 95 -0.534735268229752 15.1924353987211
"1568" 86 3.47154422350885 20.6791272729058
"1569" 36 3.27439181374003 19.1410192492769
"1570" 57 -1.44005031356938 11.7875514650744
"1571" 199 0.557707694828147 14.2095589564271
"1572" 99 2.52087595289261 12.3838277350093
"1573" 146 -1.11420138774795 16.2795428587759
"1574" 84 -2.23652354152039 15.9592460730999
"1575" 24 -4.05929062500436 7.69948380008868
"1576" 33 2.14625487716854 16.9157946055354
"1577" 184 2.6340437175685 15.8798029977319
"1578" 69 -2.782940085127 13.1871680290293
"1579" 1 4.08038034679043 20.7809643042492
"1580" 178 -0.407991145461194 17.0036773792346
"1581" 71 -1.96212101412018 12.0527532946981
"1582" 136 1.02270770522308 20.7388167175168
"1583" 196 0.410675582142504 14.6456207328335
"1584" 2 -0.952488643975762 13.8070205114967
"1585" 60 3.98011117817562 18.0946169244168
"1586" 42 -1.41716029261861 10.905801732015
"1587" 141 2.00889243150435 16.1003594364305
"1588" 117 -2.35335452356236 10.7180616230555
"1589" 102 -1.84224188040945 8.81795188409999
"1590" 72 -0.738330040210212 15.3997329116654
"1591" 169 -1.11139603633971 18.2171821460104
"1592" 96 2.03869051056714 17.7894178686606
"1593" 154 -2.51494463702897 15.2404485084466
"1594" 5 1.81985486095921 12.8879937745212
"1595" 85 1.68072071491747 17.3860067418644
"1596" 141 -3.8371669972956 14.7385401307932
"1597" 50 0.81862557286744 15.1906490944697
"1598" 135 -1.59978183206606 13.3103592990876
"1599" 47 -0.284882942129882 17.2811998226643
"1600" 74 3.86507114265365 15.5486625317571
"1601" 61 -0.464442739770105 17.7194417495987
"1602" 15 0.123621818781644 15.6131514972535
"1603" 192 0.736521468189043 9.87888810888014
"1604" 100 -2.41818842553169 14.8739385221919
"1605" 141 2.22828303913587 13.7557105944844
"1606" 87 0.0235696265585545 14.5945850148951
"1607" 45 -2.55889195488198 15.8133185970408
"1608" 81 -1.28409543822625 13.8417885637084
"1609" 108 -0.572743705129715 16.0242199677641
"1610" 129 -0.437539996407007 14.0693222621614
"1611" 86 -1.51227763148369 16.0914396588018
"1612" 25 0.586550292896932 17.9633411001595
"1613" 168 -2.88325036861014 7.65317516304811
"1614" 88 2.96667357251117 23.381540036019
"1615" 81 -2.10181777115057 14.2172243305784
"1616" 140 2.00362397181075 14.6465254893029
"1617" 13 -3.52918989535209 7.88771888970912
"1618" 70 0.267007671664081 12.2762089285476
"1619" 68 0.589738071415969 18.0097541214115
"1620" 15 2.83612432631813 16.2918105398965
"1621" 132 1.49028005044404 13.7990096676937
"1622" 179 0.973370862078327 19.0817838583877
"1623" 90 1.3246827384774 12.8617392380703
"1624" 192 -0.151563242701694 15.2840702234941
"1625" 178 1.94847624223274 17.5106835337299
"1626" 151 1.36831388895634 20.2208817236591
"1627" 163 1.88701003322644 19.2100311213933
"1628" 124 1.5592971108228 16.0652239875203
"1629" 182 0.706770207729018 15.7386311048041
"1630" 66 -0.790712963190633 14.1340298597894
"1631" 185 -1.55899678210571 13.7267661352329
"1632" 159 -0.53590553262907 13.2140300624168
"1633" 162 2.80520288689785 17.7077412561617
"1634" 57 -0.198981157722789 13.2654846805263
"1635" 178 2.7127364866193 16.4558863177064
"1636" 149 0.616764815238361 19.2468379584179
"1637" 69 2.05079457494869 15.5655466496255
"1638" 45 -3.81598160140484 12.3199767815684
"1639" 86 -1.4080653878617 17.4373845314858
"1640" 65 1.15311754390277 13.9366941053701
"1641" 40 3.18006917129218 19.7893451446331
"1642" 104 -0.922096679448486 18.7215838216796
"1643" 158 1.76875482109759 13.7366912130419
"1644" 170 0.492845312319778 13.8865168146008
"1645" 117 -0.947113091764969 13.0494260279278
"1646" 44 0.0153220766876323 15.791482247429
"1647" 75 2.58398965007978 17.3914411991253
"1648" 42 -2.31989000823925 15.7059062929639
"1649" 77 2.59009577457795 9.87829237927972
"1650" 153 -1.98630717244414 13.0200527299488
"1651" 145 -0.115507213230339 18.1691932940357
"1652" 54 0.900239785404818 13.3126547028101
"1653" 1 -1.0089397105095 14.8622906953726
"1654" 148 1.7737275309835 17.6600550905966
"1655" 26 0.908350655702732 14.1246964315345
"1656" 67 -0.407061934074659 17.4359890925153
"1657" 70 -1.32083655130103 16.7896854137188
"1658" 111 0.0280872159887204 15.2913351473711
"1659" 185 0.641468925463089 12.3130385546891
"1660" 52 -0.379553112562701 12.5761369679073
"1661" 160 1.17154325632468 18.9763608925798
"1662" 28 1.72551035623115 15.4803022830189
"1663" 187 1.70674087229019 16.3269118693814
"1664" 70 -0.997891808416348 15.841196374916
"1665" 171 -0.8765649847007 13.6142251318995
"1666" 188 2.38974099549308 17.5576153515051
"1667" 54 2.00172284209909 13.1448303750279
"1668" 80 1.18852172809597 16.3631000328463
"1669" 124 -0.832848053109676 9.80491407275738
"1670" 45 -0.976925549772248 13.4612491260982
"1671" 72 1.41221495700766 15.5128427222937
"1672" 193 -0.626143671828892 17.1383520666496
"1673" 187 2.88705851890659 20.4592292075528
"1674" 8 -2.90917387371167 9.68649737779483
"1675" 160 0.222383092979681 12.9354704891512
"1676" 102 3.40014844735572 20.1277513026168
"1677" 112 -0.592082164938587 13.7962152729721
"1678" 200 0.642219622684828 11.5424040697619
"1679" 140 -0.562145207013948 12.3092552205735
"1680" 109 0.646022860407665 15.9425081240979
"1681" 49 1.45058040295163 16.0004056502457
"1682" 43 -0.341479486947844 12.8946649706175
"1683" 93 -1.92989226845487 13.4317804709194
"1684" 98 -0.763364931008564 11.8745209765659
"1685" 122 1.89098021619532 16.8388665023184
"1686" 133 1.29435286122282 14.6519887278217
"1687" 147 2.14046052180653 14.6847502404156
"1688" 75 0.660199139832492 18.3705873306892
"1689" 66 3.97906179280265 12.9071516346744
"1690" 106 -2.04086718067193 10.562456553417
"1691" 92 -0.512123803481184 14.602380615593
"1692" 97 2.50762431609001 18.1129755391339
"1693" 186 0.886091527850712 17.9773797440192
"1694" 17 -2.56049154563633 15.1290953763314
"1695" 139 -0.770889289391408 16.6934088779477
"1696" 128 1.50142125884071 16.7325625219942
"1697" 128 1.45720330808124 19.3822589908991
"1698" 68 -0.219934736109306 15.7718785477913
"1699" 46 -3.1513801171341 9.03177742304532
"1700" 90 -0.51939494128112 14.1858556674625
"1701" 129 -1.28353295403058 13.0454062493086
"1702" 152 0.599704595187816 13.6860785429118
"1703" 7 -0.0856331398164899 14.2311237282363
"1704" 122 -2.10838508831546 15.0064765074805
"1705" 153 2.60005328924257 13.240725836912
"1706" 157 2.60429754032893 11.7648410596878
"1707" 77 0.589789527084112 12.6887475311895
"1708" 21 1.53272242788916 13.8360715560152
"1709" 6 -0.0864710284122254 17.9586384914312
"1710" 20 2.73835396395923 15.7605233376812
"1711" 16 1.2500929308246 13.2472443521092
"1712" 42 3.86199937101696 10.9392292202887
"1713" 79 -1.92303032665081 13.6255763547838
"1714" 72 -4.08835698293519 19.5356639271897
"1715" 75 1.13363519027918 22.3500764149323
"1716" 158 -1.29626873820471 9.64512345979971
"1717" 25 0.594269651943234 11.692818729152
"1718" 176 0.763203709584648 13.6664525844318
"1719" 64 1.18827380574253 11.4729001561022
"1720" 111 -2.22883479660035 12.7200989733559
"1721" 115 -3.47344744083894 9.48445147305838
"1722" 176 -0.983419117973314 13.0254961046044
"1723" 69 -1.48911416578825 13.5306611254352
"1724" 2 -5.64619444374391 17.0094583380004
"1725" 108 -0.14404772120996 17.457634626994
"1726" 52 0.93884399477437 18.0679980341849
"1727" 87 3.94219351545382 13.5109954510192
"1728" 177 1.3558771142168 15.7113555436519
"1729" 34 -0.993991112633372 13.8901375980178
"1730" 81 1.25515271338423 16.6317734700274
"1731" 22 -1.81129355294968 8.52773498543354
"1732" 36 2.53899263891324 13.4222398479716
"1733" 160 -2.12943470602404 12.9547521952382
"1734" 50 2.16887929166858 13.2298951357031
"1735" 199 -0.921733758898581 17.1153702553097
"1736" 135 1.22219139068661 16.4396203511135
"1737" 113 -0.977682323534677 15.2442934325618
"1738" 34 -1.05496424119368 11.4301674459955
"1739" 150 2.98675481346091 17.4395852022361
"1740" 20 2.32125583350177 16.4792588903649
"1741" 147 4.0065415684517 14.2366586771205
"1742" 130 0.204199766710305 12.9463239839056
"1743" 130 1.08778753019347 14.381215539457
"1744" 75 1.45252807467586 18.8990028043038
"1745" 31 1.70053878954031 17.0367161463598
"1746" 5 -0.580004939493806 16.3686300991126
"1747" 177 -0.850750516491194 8.96744017418905
"1748" 100 -1.42399679865303 15.1649226228697
"1749" 116 1.69980849537843 16.8391431870959
"1750" 54 -3.21725047550164 9.76604864567324
"1751" 37 0.168099252507553 12.8327917842983
"1752" 157 1.12798196564667 16.4247942527131
"1753" 65 6.39433248056902 16.9586782603461
"1754" 88 -0.101349858412987 17.4831349802947
"1755" 183 -1.11851851938232 13.2024732023547
"1756" 189 3.42134177488367 21.3697989747307
"1757" 102 -2.48807411633841 14.529217892934
"1758" 114 -0.458695785942386 12.101083473738
"1759" 3 -0.718065770361867 14.3795745498387
"1760" 61 3.42713423363846 15.3848519065612
"1761" 38 0.725160405812058 15.0645015712022
"1762" 124 -2.16726629429987 10.8144528855641
"1763" 199 1.00095896216871 16.7667539254042
"1764" 128 2.55622717512768 16.5391106874303
"1765" 195 -0.662160451950107 16.0730929009949
"1766" 76 -1.18589346422433 11.4830295599971
"1767" 84 0.970495444158259 13.5985635123469
"1768" 56 0.550085438179828 17.2984145250769
"1769" 137 -0.399940272194059 13.8462685849652
"1770" 127 1.71039838631987 16.5159983391794
"1771" 26 -4.55396930672013 10.134393484676
"1772" 38 -2.90969971162352 15.2533763680026
"1773" 70 -3.01749754828326 15.9979057609613
"1774" 119 -3.34059817247426 11.44722793116
"1775" 92 3.36480459347875 13.8826260849297
"1776" 86 0.164855337477008 15.0855500428607
"1777" 5 -0.046374763251968 16.1520680671067
"1778" 48 0.13689282281341 11.8751200514421
"1779" 144 4.64101501993067 18.8689611907363
"1780" 51 -3.15858313382685 11.922451940298
"1781" 78 -0.389057393820313 12.7003035070357
"1782" 31 1.62725437018798 13.9355728732117
"1783" 121 -2.36850973719029 18.4408422854604
"1784" 182 0.154268594017973 15.0964543143194
"1785" 163 -2.02210612796191 17.2390730659828
"1786" 107 0.176036716057555 15.0739206388267
"1787" 162 2.00476251075974 16.0884232486632
"1788" 168 1.77970022294489 12.9242717580398
"1789" 104 1.61320106879035 19.0353292606413
"1790" 171 -0.858184907376406 11.2154981828823
"1791" 48 0.804732226259686 11.9964353753604
"1792" 191 -1.24002268166421 16.4312682968861
"1793" 163 2.7570212161786 20.2488828177735
"1794" 17 3.38874920077256 16.6560269123061
"1795" 40 -2.46635730269532 12.5468860893359
"1796" 60 -0.483057571578678 15.6808713667883
"1797" 49 1.16496447120449 17.3166023717079
"1798" 112 0.196406663724683 16.2532622982043
"1799" 69 0.83989337036907 19.0785245224497
"1800" 182 -1.55040932027895 11.1656468514534
"1801" 191 1.34110962146793 13.0529999554904
"1802" 80 0.0092727658258553 14.3040991155034
"1803" 120 -1.13388798141024 14.8936999068565
"1804" 34 -2.73293380979586 11.0539781924338
"1805" 48 -2.82772032729827 12.7735950711733
"1806" 154 -1.537912468096 15.1640738330098
"1807" 94 1.71681950882379 14.2257115728459
"1808" 147 1.89339070288752 14.5732571105127
"1809" 19 1.14872489709502 16.693851105477
"1810" 103 -2.78906159031169 15.8902644342728
"1811" 87 0.633111680375702 13.1318759175584
"1812" 60 1.25616847145951 15.0492796887111
"1813" 54 -1.08713323827159 11.8841167771599
"1814" 30 3.11231547581876 14.3128593723346
"1815" 141 0.508737765840645 15.8302334594799
"1816" 20 -0.303743099924225 16.9162287973882
"1817" 153 -0.205621643880745 14.909747433333
"1818" 68 -2.57801462763821 16.812703460329
"1819" 110 -1.24952016553111 12.9492891187603
"1820" 184 -0.781071524073743 10.6698065236086
"1821" 31 -0.584126965079932 17.9084422907605
"1822" 142 -0.647816958821644 16.1201657387008
"1823" 99 -0.207572826165179 11.7555874676932
"1824" 134 2.39311901908628 10.9664947971203
"1825" 59 3.39281786057772 17.8086874976237
"1826" 5 2.64431906576568 13.1571778652187
"1827" 189 -0.339435558549942 14.5611857409079
"1828" 169 2.21071241138902 14.6233131868614
"1829" 89 4.52808404983141 18.6584598358434
"1830" 101 0.286446804977783 15.6389651578512
"1831" 142 -2.49092293748673 13.1152247143154
"1832" 39 1.61512660944012 15.8014369186978
"1833" 134 3.93830494089115 14.6735804256008
"1834" 22 -2.59017921560052 12.5244067268221
"1835" 4 1.90614648551908 15.8293682507826
"1836" 63 -1.02013232356756 17.575298292686
"1837" 39 2.65248880064706 17.7611626548311
"1838" 176 -3.58960290407556 14.9809688789001
"1839" 80 -2.75947814384137 15.2819837584468
"1840" 37 0.322279121095199 16.6508672696344
"1841" 63 1.54296808391052 16.9188554304273
"1842" 67 2.52899195652381 15.6672866193148
"1843" 73 -3.20193150280426 16.3336680859229
"1844" 16 -2.39231920200699 12.1639305749037
"1845" 116 1.69128329406514 14.9411150388344
"1846" 48 4.45423438501517 16.224748648997
"1847" 44 0.240652779885672 12.1166657563069
"1848" 196 -1.9325998030541 14.3113486734503
"1849" 191 0.918728145321732 15.2551723151172
"1850" 20 1.27298433498631 15.6905746974502
"1851" 36 -3.26202035209404 16.2083202670945
"1852" 83 2.44326794074392 9.09829848013201
"1853" 128 3.18202639094331 17.9880855856415
"1854" 137 -1.03281355338462 14.5116516333813
"1855" 199 2.25707087039314 21.5847112073416
"1856" 197 -1.58910605676758 13.0992452218514
"1857" 150 3.35853518327688 18.7619722680028
"1858" 161 5.26672347925887 14.2734495506783
"1859" 46 -1.05107665531615 13.6037277123636
"1860" 180 0.634936672973329 16.170402322367
"1861" 176 -1.16670320118033 12.7415738870019
"1862" 6 -0.825441298392975 15.6702167475561
"1863" 111 3.01447705767608 13.9111719840414
"1864" 89 1.09679903439382 16.0745705278635
"1865" 173 0.413591211255436 16.3517837888603
"1866" 197 -0.0329899664181943 17.060353902412
"1867" 73 -0.85030598219139 15.3691179238097
"1868" 19 1.08938987994339 16.293600360107
"1869" 170 2.44440381685687 14.7693628932971
"1870" 23 -0.583754658967336 13.1261239914938
"1871" 101 -0.175014627678374 13.9152483651147
"1872" 10 1.76406792449115 14.592560560924
"1873" 13 -1.18319281040939 17.4281460668483
"1874" 59 -0.396769503587189 9.09399809649592
"1875" 98 -1.08251900309593 10.2483257971529
"1876" 75 -0.00534231408137599 12.8777012430279
"1877" 177 0.394874468957907 15.8294143161892
"1878" 150 -0.0721890666925244 14.2385262365026
"1879" 90 -5.03658278218527 9.59446195711322
"1880" 147 -1.82293118599167 10.4645393280898
"1881" 103 -0.464732240997693 13.9883589662574
"1882" 78 -0.535146954112257 17.1275515056911
"1883" 44 -0.598343365613016 16.2060385539279
"1884" 103 1.07033223636742 13.6230729925196
"1885" 83 1.25248138077421 15.1678989909065
"1886" 63 -2.70819448362118 11.0038809448459
"1887" 1 -2.64411294295144 17.8314560560059
"1888" 143 -3.36920492576544 9.71401397887806
"1889" 172 -2.65040192108395 17.0198715052693
"1890" 175 1.21152067773131 15.5459558939272
"1891" 44 -0.494771653857989 17.9792815606576
"1892" 141 1.30494315647719 14.1913566262736
"1893" 155 -1.25867315377051 14.1075276535671
"1894" 192 2.07231167561466 16.3344820696662
"1895" 140 -0.0156195655175743 10.4336069792259
"1896" 70 2.96238242061329 19.6149825353728
"1897" 57 -1.48824832817794 15.1097569223559
"1898" 20 -0.647421477548022 15.460257378926
"1899" 193 4.26318228722124 18.1908833231428
"1900" 34 0.693172244910475 14.0934628420559
"1901" 58 -1.76563643918719 14.187686296857
"1902" 4 3.66274130518907 19.8035347965214
"1903" 168 -1.73731157990365 11.5275331061724
"1904" 74 0.955766283880801 17.0137291881465
"1905" 45 1.39188074687726 11.5083216869742
"1906" 17 1.03355828101273 15.9811808512293
"1907" 80 -1.08624550734736 9.51499454903772
"1908" 114 -2.1597424867848 15.0973034176294
"1909" 145 -1.16571337793932 15.4056276708419
"1910" 117 -2.13521835968727 13.0057584805582
"1911" 159 1.65920277943532 15.5414905583804
"1912" 83 0.132334580263061 14.8280887168833
"1913" 51 1.8670214234562 13.0829136899717
"1914" 95 1.12023140300997 18.0486557101646
"1915" 146 -0.189897986638771 15.9457671223944
"1916" 172 1.1507258922713 17.8047167351342
"1917" 62 0.184262056503516 17.2219919063592
"1918" 5 -0.15007532086659 16.4786998631391
"1919" 92 0.363875214457606 12.1270605534915
"1920" 131 0.833622393134947 14.8524729639098
"1921" 195 0.0609753106719231 12.6427404427052
"1922" 91 -1.4970161035774 14.2135521857571
"1923" 27 0.917328111225412 16.2430270889323
"1924" 185 3.01565046572642 16.2645663300948
"1925" 120 2.10985750618866 15.56834345653
"1926" 59 -2.55176201075601 13.6728129886432
"1927" 135 0.694853476275043 15.4336723797727
"1928" 185 -0.603488799403351 16.5835640612739
"1929" 5 -2.8706241121934 16.7617808610642
"1930" 183 -1.22596727671942 14.9132243470721
"1931" 85 0.870293405016986 15.0691362109727
"1932" 157 0.766061097204085 16.9636225566684
"1933" 196 0.236377436760543 13.3051222480615
"1934" 186 -0.604560312732093 14.9716004216565
"1935" 69 -3.43971505937827 11.2465678240101
"1936" 8 -0.522991652739023 14.3575938204844
"1937" 196 1.55888447875362 14.959112724125
"1938" 51 0.944513397547471 14.1634391089306
"1939" 86 -0.0137459682285577 17.5489606387205
"1940" 197 -1.17483101639121 12.2109672508084
"1941" 131 -3.8830881298268 12.6731110809462
"1942" 46 -1.489760489232 15.8060395187187
"1943" 122 -0.896834448510307 14.0516774251853
"1944" 104 0.622332030244667 15.7240687643789
"1945" 56 0.46951476671832 16.0085764099888
"1946" 54 -0.219165655910315 13.1617278537277
"1947" 28 -1.9525120424351 15.3875394733784
"1948" 64 -1.84958933240293 17.6778740816106
"1949" 181 0.198593422325842 11.9093988434209
"1950" 112 0.487218697991079 19.1677643949266
"1951" 52 2.27076426427178 15.6175595163448
"1952" 71 -0.811712088545551 15.644222895446
"1953" 57 -1.0075787817556 16.6162239444701
"1954" 141 -0.509295021941061 11.6571230314033
"1955" 93 0.429446330388278 13.8142975969972
"1956" 26 1.73330034475459 15.5929471475242
"1957" 189 2.65196701764586 18.0258093380087
"1958" 162 3.18345391741564 15.1353929597931
"1959" 131 -1.25414165073213 11.0834481848697
"1960" 194 0.399164769404046 18.2433692299057
"1961" 119 -0.471867377255225 17.1835416247778
"1962" 63 4.72281731256129 12.0944343657543
"1963" 137 2.64954033727811 16.0127173691267
"1964" 62 -0.882445312250881 15.6789232028704
"1965" 34 -3.51483715023577 10.2187230558258
"1966" 62 0.283379813382256 10.5881060292259
"1967" 153 0.159420452745951 15.0372792006937
"1968" 140 1.76301012186815 15.5028125810913
"1969" 81 -1.2809575394921 10.0211117825186
"1970" 102 2.91640473622586 19.7669961611377
"1971" 134 3.36035448886352 15.7943917964663
"1972" 105 1.75185476354448 20.2223701607183
"1973" 33 1.76968851927635 16.1945487064069
"1974" 69 1.80124281970964 15.7391982365352
"1975" 22 0.94221598662261 18.6110602268829
"1976" 36 0.611775306625308 11.6755421062064
"1977" 12 -2.62035070312224 14.7043955086441
"1978" 23 -1.69756921744945 9.61527935704697
"1979" 39 1.63428802207562 17.8872240375259
"1980" 79 -0.0391605120505887 15.5412092110776
"1981" 196 0.942659818259565 11.293817593913
"1982" 193 0.0775376917848653 15.9172668174925
"1983" 3 -0.646033671187256 14.2672813313444
"1984" 20 1.79433255371711 13.621140321162
"1985" 69 -1.77084611958825 16.0007432935045
"1986" 160 3.16108535784466 16.2456712590791
"1987" 177 0.520930119393456 12.0982729567305
"1988" 112 -2.37306342156533 14.3479830879592
"1989" 113 -0.696115285966406 14.4668562123127
"1990" 165 -1.00842891381927 16.0231262144366
"1991" 46 1.13087298723628 15.4745341538002
"1992" 188 0.930246063949278 14.2935942318112
"1993" 168 -2.5294932331884 11.6555541877087
"1994" 32 -1.43592883259264 14.3908490499481
"1995" 123 1.08382731908183 19.9969782364744
"1996" 76 -2.67868728519744 14.2818348173648
"1997" 121 -4.04174717003209 10.3950605214429
"1998" 115 0.0115435100005568 13.7891340195721
"1999" 134 1.29607399085127 16.0826430591821
"2000" 105 0.540360587785107 16.4543840987431
"2001" 13 1.40903502342073 13.8068110516617
"2002" 9 1.58442132672177 13.9293012530416
"2003" 83 0.897756308506363 17.7468998304335
"2004" 164 2.24887514447299 17.9767629309631
"2005" 135 0.281944093099583 17.5396678940111
"2006" 115 0.764866601426113 14.3051432310517
"2007" 28 0.891207698288061 12.9157038198636
"2008" 157 2.17193662690478 14.1833850467046
"2009" 97 1.81455843728898 15.7449874371604
"2010" 183 1.02719717835645 16.0511948909436
"2011" 83 2.0127156932409 13.4995103860028
"2012" 162 -1.47094559939009 13.901092175451
"2013" 37 -3.92629202085761 10.4207121946776
"2014" 178 -1.81553636112636 14.5606379389575
"2015" 194 -3.45008562315555 9.67292417333349
"2016" 167 -2.63979309408094 14.2128505156231
"2017" 148 2.65899282999153 23.5849915878075
"2018" 186 -1.45561818593856 17.1576268718217
"2019" 71 -0.00399118119541264 15.1176889903369
"2020" 3 -3.47643279177099 17.4333439064729
"2021" 126 0.337303966146637 12.9518375981158
"2022" 18 -0.386122281601469 12.6979010442494
"2023" 13 0.685081904050149 9.49654118386291
"2024" 130 -3.31371388428522 13.6299165431675
"2025" 30 -0.68184736799586 15.9237019060123
"2026" 159 -1.32658029453793 16.5280698278391
"2027" 197 1.5984127026214 15.8958079502824
"2028" 154 -3.82774450442764 12.3461964976509
"2029" 137 -2.02603198377094 10.3841980488025
"2030" 84 -2.34262688840773 14.0654417698683
"2031" 61 -0.150802323115074 14.3308696913947
"2032" 126 -1.67424727321098 13.8420661181558
"2033" 94 0.658324536106514 13.2410115693244
"2034" 101 -2.22257577063092 15.4255887134354
"2035" 95 3.23809437392343 15.3608561489667
"2036" 42 -0.700204682811637 16.625967750094
"2037" 126 1.57433338857502 14.3820841064687
"2038" 19 -2.3036464970891 14.5624349928543
"2039" 90 -3.14884350609759 9.21036007463796
"2040" 47 -1.28287284047977 13.6804553492929
"2041" 81 0.975326310585662 16.7508304518572
"2042" 40 -3.19244992739166 14.1218853002896
"2043" 14 4.92692094644575 18.1190885857037
"2044" 21 0.372966359406681 14.2541526570347
"2045" 105 -0.613195341585693 16.0185646960397
"2046" 41 -0.334601311404132 15.9932519635622
"2047" 138 -1.20565110418813 12.8798809996779
"2048" 147 -0.736464772530838 9.65058414931539
"2049" 63 0.246853061237408 15.1699260309584
"2050" 34 2.66256948719287 18.1722289370076
"2051" 151 3.17201412278383 17.9761236829239
"2052" 104 1.00518624360985 16.0365976265722
"2053" 89 -2.20792080741768 17.1840972857451
"2054" 16 0.434988994751756 16.1488620693845
"2055" 42 -0.155165802244261 14.2308759420451
"2056" 30 2.68860753679334 16.7368708276805
"2057" 112 2.25913497702458 16.3098577820017
"2058" 164 1.76396793467315 15.3272947950826
"2059" 70 1.21223162228586 18.3354303244618
"2060" 15 0.117416075603539 19.5977813215313
"2061" 200 -2.65011477353244 11.9235924921214
"2062" 19 3.20463397234384 18.3480641195235
"2063" 121 -0.132751697297705 15.2921524110654
"2064" 106 0.300223925098635 9.72765889859547
"2065" 162 2.95037946846818 17.6818609281861
"2066" 151 -1.70637554868794 14.1621304823063
"2067" 112 -0.600097621830144 16.8499421294463
"2068" 45 0.11894568613082 14.4425461559392
"2069" 51 -0.323615151294146 15.0001357305166
"2070" 162 0.207239248601482 15.352598389086
"2071" 146 -0.48214618651183 15.5815425734746
"2072" 15 -1.02670282549504 15.1939717628162
"2073" 183 1.33727101798115 17.6443015881609
"2074" 21 -0.116073843791221 15.5098706549165
"2075" 191 2.50260461077276 21.5831639726847
"2076" 168 -2.21878251085131 8.63123145171016
"2077" 190 1.55816584324724 17.773872403086
"2078" 119 1.70281207924264 17.5073544272249
"2079" 73 -1.33647976445799 12.5937170830643
"2080" 23 0.675482408575762 10.2210025453243
"2081" 44 4.13945347214085 18.3160268732043
"2082" 175 -0.701174709253164 13.9560358613687
"2083" 99 -2.01771772220656 14.6389269013711
"2084" 72 0.876557436388601 17.4979360269565
"2085" 178 -2.10140208457516 13.2289364059506
"2086" 4 -1.95123202173565 15.4873361789521
"2087" 97 1.44768769961065 16.6868063379233
"2088" 193 1.16358000176466 14.5847401410221
"2089" 136 0.687395716331427 16.5514289824286
