"SurfArea" "Volume" "MajAxis" "MinAxis" "Ecc" "ConvVol" "EqDiam" "Round" "Type"
37548.5 754.42 318.34 154.25 0.88 37506.4 219.63 0.8 "carbonaceous"
56128.43 944.78 358.88 204.5 0.85 57727.79 267.31 0.83 "silicate"
34315.96 734.69 291.27 153.15 0.87 35380.89 216.18 0.82 "carbonaceous"
54856.78 904 347.26 210.48 0.8 57818.23 266.79 0.88 "silicate"
44699.72 806.31 285.36 201.6 0.69 45738.12 240.57 0.85 "metallic"
58037.49 932.08 357.19 214.57 0.8 60374.71 273.45 0.85 "silicate"
57098.27 911.79 347.18 214.12 0.8 57889.13 270.21 0.88 "silicate"
49247.97 905.89 327.12 193.99 0.79 51755.51 249.19 0.75 "metallic"
32827.96 705.65 275.86 155 0.85 34264.25 206.8 0.83 "carbonaceous"
51942.19 872.49 312.47 209.29 0.75 52231.4 257.54 0.78 "metallic"
59068.31 922.78 355.89 213.15 0.81 60588.63 273.83 0.85 "silicate"
45731.86 812.74 297.27 197.98 0.73 45902.86 237.98 0.88 "metallic"
50289.59 868.51 312.44 205.24 0.76 51060.52 256.65 0.82 "metallic"
48216.82 836.42 276.27 220.59 0.62 47924.82 247.43 0.87 "metallic"
58740.12 969.9 372.81 200.82 0.85 60387.45 272.98 0.8 "silicate"
47890.35 863.37 285.61 217.28 0.67 49081.62 247.98 0.83 "metallic"
48895.23 892.7 317.02 202.55 0.77 49837.36 245.53 0.77 "metallic"
57321.91 922.28 351.66 204.84 0.81 56732.62 267.53 0.84 "silicate"
35690.34 733.22 287.54 155.57 0.86 36702.24 214.52 0.82 "carbonaceous"
37409.61 764.71 314.79 152.1 0.86 38577.37 219.71 0.82 "carbonaceous"
55513.42 914.09 347.44 206.45 0.81 56928.23 266.87 0.84 "silicate"
50386.46 864.65 319.18 205.09 0.76 51316.08 253.85 0.83 "metallic"
38123.07 746.66 305.3 161 0.84 38849.19 221.61 0.83 "carbonaceous"
54999.89 936.35 344.99 208.41 0.81 55523.6 263.46 0.84 "silicate"
35165.34 720.35 263.68 167.66 0.75 36294.29 212.58 0.85 "carbonaceous"
56294.53 902.35 347.47 208.83 0.83 55822.23 262.44 0.84 "silicate"
46554.38 846.5 298.25 204.73 0.73 48673.71 248.57 0.84 "metallic"
46513.49 809.23 289.02 205.09 0.73 46809.94 245.87 0.86 "metallic"
37684.8 732.35 282.34 168.3 0.8 38477.42 218.94 0.87 "carbonaceous"
37595.47 785.95 300.06 167.37 0.82 38819.7 221.39 0.74 "carbonaceous"
35049.87 724.42 282.06 153.84 0.84 34747.95 210.13 0.84 "carbonaceous"
33894.79 716.95 285.12 153.78 0.86 34180.08 206.7 0.84 "carbonaceous"
51888.04 854.92 309.49 215.55 0.72 52173.5 256.95 0.89 "silicate"
42315.38 764.89 285.17 187.79 0.77 41875.39 230.91 0.89 "metallic"
37513.7 857.03 313.35 156.58 0.85 38736.39 223.31 0.63 "carbonaceous"
59337.3 933.13 371.35 208.37 0.83 59867.31 279.1 0.82 "silicate"
33741.51 703.26 273.25 156.48 0.82 34564.9 204.57 0.82 "carbonaceous"
50577.9 892.78 307.65 207.6 0.73 52061.12 252.92 0.8 "metallic"
35874.33 762.63 307.08 148.16 0.88 36645.05 213.05 0.79 "carbonaceous"
36057.17 741.72 277.02 164.06 0.81 36521.19 214.41 0.8 "carbonaceous"
59642.72 943.45 372.94 207.16 0.83 60921.3 273.58 0.83 "silicate"
58178.41 924.98 347.76 212.21 0.8 58954.59 273.26 0.85 "silicate"
48858.92 817.97 297.63 207.19 0.74 48631.43 244.45 0.93 "metallic"
35074.29 704.08 271.81 162.81 0.81 35300.32 210.51 0.9 "carbonaceous"
37314.86 736.49 299.57 161.61 0.87 38046.4 220.92 0.83 "carbonaceous"
56916.78 905.92 349.58 212.41 0.78 57507.93 267.72 0.87 "silicate"
45547.88 803.16 297.39 198.89 0.76 45600.38 242.53 0.9 "silicate"
42706.28 814.9 273.24 205.03 0.7 44041.73 235.22 0.84 "metallic"
47287.97 822.48 295.37 197.24 0.75 46740.39 243.21 0.87 "metallic"
47812.79 824.99 315.33 196.33 0.77 49327.18 245 0.89 "silicate"
36632.67 738.24 303.85 154.06 0.86 36291.39 217.03 0.83 "carbonaceous"
49378.05 898.48 308.31 200 0.75 50010.73 247.92 0.77 "metallic"
50201.79 885.72 355.97 178.47 0.85 51296.77 256.52 0.78 "silicate"
58978.48 945 373.11 205.45 0.83 60425.96 275.27 0.81 "silicate"
45121.25 850.87 294.8 193.3 0.75 45303.51 236.99 0.78 "metallic"
49602.43 855.13 288.58 213.58 0.66 51020.5 253.11 0.85 "metallic"
49049.99 867.02 298.16 209.73 0.7 50504.77 251.1 0.84 "metallic"
37299.95 746.94 300.19 160.76 0.85 38139.34 218.77 0.86 "carbonaceous"
47825.3 876.32 307.39 204.79 0.74 49194.31 244.51 0.78 "metallic"
45462.6 850.26 309.5 193.33 0.76 46059.98 242.86 0.82 "metallic"
44454.16 823.39 292.97 191.93 0.74 44878.02 238.43 0.85 "metallic"
58846.45 961.41 365.89 211.69 0.8 60004.59 269.77 0.81 "silicate"
32619.91 717.5 283.68 148.49 0.84 33498.79 205.11 0.82 "carbonaceous"
36880.58 746.99 306 152.07 0.86 37841.8 217.25 0.83 "carbonaceous"
57754.7 943.65 373.31 205.33 0.82 58854.7 275.13 0.82 "silicate"
57703.69 922.32 367.17 205.77 0.82 58429.66 267.23 0.83 "silicate"
49648.57 858.67 302.44 209.47 0.73 50292.4 251.16 0.84 "metallic"
47990.71 831.2 312.4 202 0.76 49421.52 241.38 0.9 "metallic"
37185.8 730.23 303.04 162.37 0.84 37825.1 218.61 0.85 "carbonaceous"
37744.92 769.67 296.78 164.01 0.84 37680.83 215.59 0.81 "carbonaceous"
57785.67 925.58 357.04 203.22 0.82 59981.46 265.26 0.84 "silicate"
56397.42 919.39 376.84 195.25 0.85 57579.39 268.96 0.85 "silicate"
36434.45 766.7 301.11 157.7 0.84 37303.5 217.7 0.79 "carbonaceous"
48106.94 833.28 296.52 207.36 0.76 49201.56 246.16 0.89 "metallic"
57066.56 912.72 350.73 204.69 0.82 57786.81 265.43 0.89 "silicate"
50783.88 817.31 297.93 208.68 0.74 50067.04 251.05 0.91 "silicate"
59606.71 956.86 350.21 215.56 0.8 60875.35 278.24 0.83 "silicate"
48664.3 884.53 311.9 208.67 0.74 51924.47 253.59 0.82 "metallic"
55270.32 917.31 354.32 196.38 0.84 56207.94 263.22 0.82 "silicate"
47316.14 847.08 301.06 201.14 0.74 48092.39 242.05 0.8 "metallic"
41151.53 814.2 304.56 173.11 0.81 42143.04 230.44 0.78 "metallic"
38346.64 752.83 293.17 169.77 0.81 39404.68 221.68 0.86 "carbonaceous"
57534.28 906.45 351.04 210.4 0.8 58578.83 267.95 0.86 "silicate"
46187.34 843.76 297.43 195.68 0.75 47052.92 244.99 0.8 "metallic"
34920 750.81 300.99 149.11 0.83 35194.92 204.42 0.77 "carbonaceous"
55370.02 885.7 322.48 224.75 0.72 57613.69 264.35 0.88 "silicate"
59500.16 934.97 367.71 211.9 0.81 60412.08 277.24 0.86 "silicate"
35834.34 709.06 261.44 173.25 0.76 36273.01 214.89 0.93 "carbonaceous"
59854.95 943.15 350.28 214.67 0.8 60553.76 279.94 0.84 "silicate"
37532.52 763.93 304.72 154.99 0.85 38088.07 220.47 0.8 "carbonaceous"
56368.68 908.91 347.96 211.94 0.8 57938.74 268.28 0.89 "silicate"
53737.36 898.87 356.27 194.07 0.84 55035.04 264.62 0.83 "silicate"
37741.93 731.04 277.33 170.91 0.8 38268.55 221.61 0.9 "carbonaceous"
54588.6 915.8 350.34 202.04 0.84 55695.95 263.85 0.86 "silicate"
33961.77 694.01 271.77 162.99 0.82 33950.02 208.93 0.85 "carbonaceous"
55395.37 914.37 352.71 208.78 0.79 56345.51 262.63 0.85 "silicate"
50840.24 855.46 325.21 198.85 0.8 52362.91 254.77 0.89 "metallic"
32772.31 719.17 265.2 158.91 0.8 33559.95 205.98 0.78 "carbonaceous"
37785.88 760.72 308.05 160.15 0.83 38494.76 223.42 0.85 "carbonaceous"
50875.22 881.01 317.75 208.57 0.76 52122.73 253.23 0.82 "metallic"
50101.17 873.68 314.65 204.7 0.77 50020.64 254.37 0.82 "metallic"
51160.84 879.4 326.41 197.8 0.78 52477.84 254.56 0.82 "metallic"
59154.21 928.48 363.35 212.51 0.82 59348.18 275.28 0.87 "silicate"
50268.96 906.63 311.8 204.45 0.75 51501.93 257.26 0.79 "metallic"
52192.35 890.16 332.95 197.03 0.81 52432.57 255.94 0.8 "metallic"
48531.06 859.7 323.77 194.73 0.78 49832.85 251.74 0.82 "metallic"
50297.06 987.79 329.57 196.01 0.79 51595.92 259.22 0.65 "metallic"
58073.87 915.4 334.43 224.21 0.77 59509.88 270.64 0.85 "silicate"
36719.87 728.58 291.91 157.59 0.84 36967.9 215.63 0.88 "carbonaceous"
37881.27 775.48 316.68 152.08 0.85 38727.46 217.28 0.78 "carbonaceous"
43130.53 848.01 292.26 184.86 0.77 43194.75 236.45 0.77 "metallic"
54526.92 888.85 344.36 204.13 0.8 55328.92 263.9 0.87 "silicate"
59856.45 938.42 365.57 209.21 0.83 58985.39 272.86 0.84 "silicate"
54418.84 869.9 301.15 227.74 0.66 54892.41 260.35 0.93 "silicate"
34043.68 680.39 275.38 159.53 0.81 35036.95 206.45 0.88 "carbonaceous"
38256.98 777.63 309.76 162.41 0.85 38507.29 222.61 0.8 "carbonaceous"
52458.92 862.05 329.52 197.64 0.8 52326.95 258.76 0.84 "silicate"
33599.85 711.01 276.76 153.84 0.82 33653.37 208.35 0.85 "carbonaceous"
34156.84 722.23 279.19 157.87 0.84 34834.36 208.92 0.8 "carbonaceous"
58089.67 920.85 334.71 226.19 0.75 58740.71 275.27 0.87 "silicate"
37777.24 756.38 311.93 161.71 0.86 39024.65 219.31 0.83 "carbonaceous"
49201.6 883.17 321.23 202.73 0.75 51335.29 251.88 0.78 "metallic"
52690.29 889.96 342.48 199.04 0.81 52830.54 258.66 0.85 "silicate"
56297.6 910.22 358.93 201.89 0.8 56860.25 270.54 0.85 "silicate"
38844.43 773.29 315.63 154.89 0.87 38948.47 219.46 0.81 "carbonaceous"
58338.52 913.7 356.38 206.97 0.85 59045.2 268.64 0.88 "silicate"
33412.4 692.18 268.1 161.76 0.81 34257.84 206.65 0.88 "carbonaceous"
36266.01 737.5 286.83 165.3 0.84 36873.18 214.89 0.85 "carbonaceous"
33794.5 716.06 281.04 151.94 0.84 33781.5 201.5 0.84 "carbonaceous"
38060.48 762.03 309.51 162.71 0.83 39116.89 218.36 0.84 "carbonaceous"
41498.3 805.19 263.73 204.89 0.67 43185.33 230.65 0.8 "metallic"
51063.84 894.9 308.53 205.05 0.74 50148.56 251.67 0.78 "metallic"
59934.71 937.94 353.54 213.52 0.81 60194.08 277.24 0.84 "silicate"
46441.78 826.89 308.2 193.81 0.79 47522.07 241.66 0.84 "metallic"
50344.95 859.81 332.38 188.82 0.84 50099.98 251.38 0.82 "metallic"
58174.81 905.17 366.51 203.42 0.8 58510.68 273.69 0.86 "silicate"
47419.17 888.07 326.1 185.89 0.81 49123.04 247.77 0.79 "metallic"
46469.79 856.65 296.19 203.37 0.72 47872.26 241.64 0.79 "metallic"
45892.48 773.63 272.43 210.42 0.64 45533.72 240.39 0.91 "silicate"
50369.82 869.72 312.16 205.4 0.75 50985.8 252.66 0.87 "metallic"
48426.26 877.39 305.6 206.24 0.71 49325.28 246.44 0.78 "metallic"
37027.57 755.99 304.16 155.9 0.87 37582.41 217.99 0.83 "carbonaceous"
36261.21 750.85 295.61 153.77 0.85 36060.93 214.03 0.82 "carbonaceous"
36527.44 737.81 294.6 157.79 0.86 37076.86 214.12 0.81 "carbonaceous"
47757.81 810.37 290.41 214.14 0.68 47654.84 249.04 0.9 "metallic"
50042.79 844.01 276.5 231.08 0.58 50949.52 255.69 0.88 "metallic"
53808.96 909.71 354.3 198.75 0.82 54848.4 259 0.85 "silicate"
33927.13 689.29 261.61 165.99 0.78 34534.53 207.02 0.91 "carbonaceous"
36653.19 725.28 270.36 174.99 0.78 37172.09 214.41 0.88 "carbonaceous"
33940.06 752.97 299.48 151.43 0.86 34568.06 210.42 0.81 "carbonaceous"
